,Date,Open,High,Low,Close,Volume,Adj. Close,Adj. Volume
0,1983-04-06,29.5,29.75,28.62,28.62,42300.0,5.0492966779084005,169200.0
1,1983-04-07,28.88,29.0,28.5,28.5,11600.0,5.028125622655098,46400.0
2,1983-04-08,28.88,29.0,28.62,29.0,37100.0,5.1163383528771,148400.0
3,1983-04-11,29.75,30.5,29.38,30.5,34500.0,5.3809765435432,138000.0
4,1983-04-12,30.5,31.5,30.5,31.5,27300.0,5.5574020039872005,109200.0
5,1983-04-13,31.75,31.88,31.62,31.88,23900.0,5.624443678955999,95600.0
6,1983-04-14,31.62,31.62,31.0,31.25,37600.0,5.513295638876199,150400.0
7,1983-04-15,31.0,31.12,30.25,30.25,54200.0,5.3368701784322,216800.0
8,1983-04-18,30.25,30.75,29.88,30.75,47700.0,5.4290524815142,190800.0
9,1983-04-19,30.75,31.12,30.38,31.0,25900.0,5.4731911195753,103600.0
10,1983-04-20,30.75,31.12,30.75,31.0,40300.0,5.4731911195753,161200.0
11,1983-04-21,31.12,32.0,31.0,31.75,80900.0,5.6056070337586,323600.0
12,1983-04-22,31.62,31.62,30.75,31.0,32500.0,5.4731911195753,130000.0
13,1983-04-25,30.25,30.75,29.75,29.75,43800.0,5.2524979292698,175200.0
14,1983-04-26,29.5,30.0,29.0,29.12,42600.0,5.1412685613559015,170400.0
15,1983-04-27,28.75,29.5,27.88,28.12,47900.0,4.9647140091115,191600.0
16,1983-04-28,28.5,29.0,28.0,28.62,239900.0,5.0529912852337,959600.0
17,1983-04-29,28.88,29.12,28.5,28.88,100200.0,5.0988954688172,400800.0
18,1983-05-02,28.5,29.0,28.0,29.0,35100.0,5.1200820150866,140400.0
19,1983-05-03,28.0,28.38,27.75,28.12,53600.0,4.9647140091115,214400.0
20,1983-05-04,28.62,29.0,28.25,28.5,47100.0,5.0318047389644,188400.0
21,1983-05-05,28.5,28.62,28.25,28.25,23200.0,4.9876661009033,92800.0
22,1983-05-06,28.38,29.88,28.38,29.75,130700.0,5.2524979292698,522800.0
23,1983-05-09,29.75,29.88,29.38,29.75,41900.0,5.2524979292698,167600.0
24,1983-05-10,29.62,30.0,29.12,29.25,79700.0,5.164220653147701,318800.0
25,1983-05-11,29.5,29.5,28.0,28.5,157500.0,5.0318047389644,630000.0
26,1983-05-12,28.62,28.62,28.25,28.25,113300.0,4.9876661009033,453200.0
27,1983-05-13,28.38,29.88,28.38,29.62,93200.0,5.229545837478099,372800.0
28,1983-05-16,29.38,29.38,28.88,29.12,44100.0,5.1412685613559015,176400.0
29,1983-05-17,29.38,29.75,29.0,29.12,100900.0,5.1412685613559015,403600.0
30,1983-05-18,29.25,29.38,28.88,29.12,45900.0,5.1412685613559015,183600.0
31,1983-05-19,28.75,29.0,27.88,28.12,39800.0,4.9647140091115,159200.0
32,1983-05-20,28.12,28.25,27.38,28.25,36500.0,4.9876661009033,146000.0
33,1983-05-23,28.0,29.0,27.88,29.0,48500.0,5.1200820150866,194000.0
34,1983-05-24,28.75,29.25,28.62,28.75,64800.0,5.0759433770255,259200.0
35,1983-05-25,29.0,29.75,29.0,29.75,92300.0,5.2524979292698,369200.0
36,1983-05-26,29.88,29.88,29.25,29.38,64000.0,5.1871727449394,256000.0
37,1983-05-27,29.12,29.12,28.0,28.62,169400.0,5.0529912852337,677600.0
38,1983-05-31,28.12,28.38,26.88,26.88,144400.0,4.7457863643285,577600.0
39,1983-06-01,26.88,27.88,26.88,27.88,99400.0,4.9223409165729,397600.0
40,1983-06-02,28.0,28.5,27.38,28.12,108300.0,4.9647140091115,433200.0
41,1983-06-03,28.25,28.62,28.0,28.12,44600.0,4.9647140091115,178400.0
42,1983-06-06,28.25,29.88,28.25,29.25,94500.0,5.164220653147701,378000.0
43,1983-06-07,29.88,30.12,29.5,30.0,179000.0,5.296636567330902,716000.0
44,1983-06-08,29.5,30.25,29.5,30.0,197400.0,5.296636567330902,789600.0
45,1983-06-09,30.5,31.75,30.5,31.62,189100.0,5.5826549419668,756400.0
46,1983-06-10,32.0,32.12,31.88,32.0,113500.0,5.6497456718197,454000.0
47,1983-06-13,32.62,33.0,32.38,32.62,99900.0,5.7592094942112,399600.0
48,1983-06-14,33.25,35.25,33.0,34.0,130300.0,6.002854776308402,521200.0
49,1983-06-15,33.5,33.75,32.75,33.75,105400.0,5.958716138247301,421600.0
50,1983-06-16,34.75,34.75,33.5,34.38,114500.0,6.0699455061612,458000.0
51,1983-06-17,34.62,34.75,34.0,34.38,58000.0,6.0699455061612,232000.0
52,1983-06-20,34.5,34.88,34.0,34.25,58900.0,6.0469934143695,235600.0
53,1983-06-21,34.0,34.5,33.38,34.38,50100.0,6.0699455061612,200400.0
54,1983-06-22,34.38,34.75,34.0,34.25,69800.0,6.0469934143695,279200.0
55,1983-06-23,34.0,34.5,33.75,34.38,124400.0,6.0699455061612,497600.0
56,1983-06-24,34.12,34.12,33.25,34.0,38400.0,6.002854776308402,153600.0
57,1983-06-27,33.75,33.88,33.38,33.88,42500.0,5.9816682300391,170000.0
58,1983-06-28,33.75,34.0,33.0,33.0,55700.0,5.826300224064,222800.0
59,1983-06-29,32.75,33.5,32.75,33.0,97100.0,5.826300224064,388400.0
60,1983-06-30,33.38,33.62,33.0,33.38,17200.0,5.8933909539169,68800.0
61,1983-07-01,33.25,33.75,32.75,33.75,30200.0,5.958716138247301,120800.0
62,1983-07-05,33.5,33.88,32.75,33.88,18800.0,5.9816682300391,75200.0
63,1983-07-06,34.12,34.38,33.62,34.0,22600.0,6.002854776308402,90400.0
64,1983-07-07,33.75,34.12,33.5,33.5,48300.0,5.9145775001862,193200.0
65,1983-07-08,33.75,34.0,33.38,33.88,22000.0,5.9816682300391,88000.0
66,1983-07-11,34.0,35.25,34.0,34.62,61000.0,6.1123185986999,244000.0
67,1983-07-12,34.5,35.0,34.5,34.62,29700.0,6.1123185986999,118800.0
68,1983-07-13,34.5,34.62,33.88,34.5,84900.0,6.0911320524306,339600.0
69,1983-07-14,36.0,37.0,35.38,37.0,122500.0,6.5325184330415,490000.0
70,1983-07-15,37.0,37.75,36.12,36.38,60200.0,6.42305461065,240800.0
71,1983-07-18,36.25,36.25,35.62,36.0,46800.0,6.359936358222599,187200.0
72,1983-07-19,36.25,36.62,36.12,36.5,34500.0,6.4482688076424015,138000.0
73,1983-07-20,36.88,37.5,36.88,37.5,52400.0,6.6249337064819,209600.0
74,1983-07-21,37.75,38.12,37.62,37.88,58700.0,6.6920663680409005,234800.0
75,1983-07-22,37.94,38.12,37.75,37.88,46600.0,6.6920663680409005,186400.0
76,1983-07-25,37.5,37.62,37.12,37.38,55300.0,6.6037339186211,221200.0
77,1983-07-26,37.75,37.88,37.12,37.38,59800.0,6.6037339186211,239200.0
78,1983-07-27,37.25,37.5,36.5,36.75,46700.0,6.4924350323522,186800.0
79,1983-07-28,36.5,36.62,36.5,36.5,11400.0,6.4482688076424015,45600.0
80,1983-07-29,36.25,36.25,34.0,34.38,61700.0,6.073739222102599,246800.0
81,1983-08-01,34.12,34.38,33.0,33.38,58700.0,5.897074323263099,234800.0
82,1983-08-02,33.38,33.75,33.12,33.25,31700.0,5.874107886413901,126800.0
83,1983-08-03,33.38,33.62,33.25,33.62,23800.0,5.939473898984599,95200.0
84,1983-08-04,33.5,33.5,32.62,33.5,44600.0,5.9182741111238,178400.0
85,1983-08-05,33.25,33.5,32.75,33.38,22100.0,5.897074323263099,88400.0
86,1983-08-08,32.75,33.25,31.88,33.0,23300.0,5.829941661704099,93200.0
87,1983-08-09,32.75,33.0,32.25,32.88,21100.0,5.8087418738433,84400.0
88,1983-08-10,33.12,33.38,32.88,33.38,20300.0,5.897074323263099,81200.0
89,1983-08-11,33.62,34.25,33.25,33.75,24700.0,5.9624403358337,98800.0
90,1983-08-12,33.5,35.12,33.5,35.12,18900.0,6.2044712472438,75600.0
91,1983-08-15,35.0,35.88,35.0,35.5,17900.0,6.2716039088029,71600.0
92,1983-08-16,35.25,35.62,34.88,34.88,14800.0,6.1620716715224,59200.0
93,1983-08-17,34.88,35.5,34.88,35.12,12100.0,6.2044712472438,48400.0
94,1983-08-18,35.38,35.88,35.25,35.25,17500.0,6.227437684093,70000.0
95,1983-08-19,35.25,35.5,35.0,35.0,12000.0,6.183271459383099,48000.0
96,1983-08-22,35.0,35.62,35.0,35.12,14800.0,6.2044712472438,59200.0
97,1983-08-23,35.0,35.38,35.0,35.0,20600.0,6.183271459383099,82400.0
98,1983-08-24,35.0,35.0,34.75,34.75,17800.0,6.1391052346732,71200.0
99,1983-08-25,34.75,34.75,33.75,34.12,26300.0,6.0278063484043,105200.0
100,1983-08-26,34.0,34.12,33.75,33.88,87300.0,5.985406772682801,349200.0
101,1983-08-29,34.0,34.0,33.75,34.0,19000.0,6.006606560543599,76000.0
102,1983-08-30,34.12,34.75,34.12,34.5,21300.0,6.0949390099633005,85200.0
103,1983-08-31,34.62,34.88,34.5,34.75,21500.0,6.1391052346732,86000.0
104,1983-09-01,34.75,34.75,34.12,34.12,23700.0,6.0278063484043,94800.0
105,1983-09-02,34.12,34.62,33.75,34.62,57400.0,6.116138797824099,229600.0
106,1983-09-06,34.38,35.0,34.38,34.88,46300.0,6.1620716715224,185200.0
107,1983-09-07,34.88,35.5,34.88,35.25,24600.0,6.227437684093,98400.0
108,1983-09-08,35.12,36.75,35.12,36.75,42600.0,6.4924350323522,170400.0
109,1983-09-09,36.62,36.75,36.12,36.5,34900.0,6.4482688076424015,139600.0
110,1983-09-12,36.5,37.0,35.12,35.5,26500.0,6.2716039088029,106000.0
111,1983-09-13,35.38,35.88,35.38,35.38,23300.0,6.2504041209421,93200.0
112,1983-09-14,35.5,35.62,35.0,35.38,76100.0,6.2504041209421,304400.0
113,1983-09-15,35.12,35.12,34.38,34.75,24300.0,6.1391052346732,97200.0
114,1983-09-16,34.75,35.25,34.5,35.0,37600.0,6.183271459383099,150400.0
115,1983-09-19,35.0,35.25,34.75,35.0,48700.0,6.183271459383099,194800.0
116,1983-09-20,35.0,35.75,35.0,35.75,33600.0,6.315770133512699,134400.0
117,1983-09-21,35.88,35.88,34.62,34.62,31100.0,6.116138797824099,124400.0
118,1983-09-22,34.88,35.5,34.5,34.5,28900.0,6.0949390099633005,115600.0
119,1983-09-23,34.25,35.38,34.25,35.25,25100.0,6.227437684093,100400.0
120,1983-09-26,35.5,35.88,35.25,35.5,12400.0,6.2716039088029,49600.0
121,1983-09-27,35.25,35.5,35.0,35.38,11000.0,6.2504041209421,44000.0
122,1983-09-28,35.25,35.88,35.12,35.75,9400.0,6.315770133512699,37600.0
123,1983-09-29,35.25,35.38,35.0,35.12,26100.0,6.2044712472438,104400.0
124,1983-09-30,35.12,35.25,35.0,35.25,14700.0,6.227437684093,58800.0
125,1983-10-03,35.25,35.25,34.0,34.62,33400.0,6.116138797824099,133600.0
126,1983-10-04,34.88,35.0,34.25,34.25,54600.0,6.0507727852535,218400.0
127,1983-10-05,34.38,34.5,34.0,34.5,12500.0,6.0949390099633005,50000.0
128,1983-10-06,34.62,35.25,34.62,35.0,18700.0,6.183271459383099,74800.0
129,1983-10-07,35.25,36.0,35.12,35.75,22400.0,6.315770133512699,89600.0
130,1983-10-10,36.0,37.0,36.0,37.0,18100.0,6.5366012570621015,72400.0
131,1983-10-11,37.25,37.25,36.25,36.25,18100.0,6.4041025829325,72400.0
132,1983-10-12,36.5,37.0,36.5,36.5,29600.0,6.4482688076424015,118400.0
133,1983-10-13,36.25,36.25,35.62,35.88,11100.0,6.338736570361902,44400.0
134,1983-10-14,36.0,36.38,35.75,36.12,19700.0,6.3811361460834,78800.0
135,1983-10-17,35.5,35.5,35.0,35.38,40200.0,6.254379081166,160800.0
136,1983-10-18,35.5,35.75,34.5,34.5,21600.0,6.0988151017588,86400.0
137,1983-10-19,34.5,34.75,33.5,34.12,42200.0,6.0316397470148,168800.0
138,1983-10-20,34.12,34.88,34.12,34.75,9900.0,6.143009414090401,39600.0
139,1983-10-21,35.0,35.12,34.0,34.0,26500.0,6.010426477095599,106000.0
140,1983-10-24,34.5,34.5,33.38,34.0,47700.0,6.010426477095599,190800.0
141,1983-10-25,33.75,34.62,33.75,34.5,7400.0,6.0988151017588,29600.0
142,1983-10-26,34.25,34.5,34.12,34.12,9300.0,6.0316397470148,37200.0
143,1983-10-27,34.12,34.38,33.38,33.75,8900.0,5.966232164764099,35600.0
144,1983-10-28,33.5,33.75,32.88,32.88,34400.0,5.8124359578501,137600.0
145,1983-10-31,33.0,33.38,32.88,33.38,20800.0,5.9008245825133,83200.0
146,1983-11-01,33.12,33.5,32.88,33.25,28500.0,5.8778435401009,114000.0
147,1983-11-02,33.12,33.75,33.12,33.5,16600.0,5.9220378524325,66400.0
148,1983-11-03,33.5,33.88,33.5,33.75,12200.0,5.966232164764099,48800.0
149,1983-11-04,33.25,33.5,33.12,33.25,6200.0,5.8778435401009,24800.0
150,1983-11-07,33.0,33.0,32.0,32.25,22100.0,5.7010662907745004,88400.0
151,1983-11-08,31.75,31.88,31.0,31.62,173400.0,5.589696623699,693600.0
152,1983-11-09,31.88,32.62,31.75,32.12,12400.0,5.6780852483621,49600.0
153,1983-11-10,32.38,32.75,32.0,32.5,25000.0,5.745260603106098,100000.0
154,1983-11-11,32.5,32.75,32.38,32.75,48100.0,5.789454915437701,192400.0
155,1983-11-14,33.0,33.25,32.75,33.0,36000.0,5.8336492277693,144000.0
156,1983-11-15,32.75,32.88,32.62,32.62,25900.0,5.7664738730253,103600.0
157,1983-11-16,32.88,33.75,32.88,33.5,31400.0,5.9220378524325,125600.0
158,1983-11-17,33.62,33.88,33.62,33.88,23800.0,5.9892132071765,95200.0
159,1983-11-18,33.88,34.0,33.75,33.88,94100.0,5.9892132071765,376400.0
160,1983-11-21,33.88,33.88,33.75,33.75,28100.0,5.966232164764099,112400.0
161,1983-11-22,33.75,34.25,33.5,34.12,43000.0,6.0316397470148,172000.0
162,1983-11-23,34.25,34.25,33.25,33.62,20900.0,5.9432511223516,83600.0
163,1983-11-25,33.88,33.88,33.5,33.75,23100.0,5.966232164764099,92400.0
164,1983-11-28,34.0,34.0,32.75,33.5,48500.0,5.9220378524325,194000.0
165,1983-11-29,33.5,34.0,33.0,33.62,40400.0,5.9432511223516,161600.0
166,1983-11-30,34.25,34.88,34.12,34.38,37000.0,6.0776018318397,148000.0
167,1983-12-01,34.12,35.0,34.12,34.88,32800.0,6.1659904565028,131200.0
168,1983-12-02,35.0,35.0,34.5,34.5,23400.0,6.0988151017588,93600.0
169,1983-12-05,34.62,35.0,34.5,34.88,40900.0,6.1659904565028,163600.0
170,1983-12-06,34.62,34.88,34.62,34.62,7100.0,6.120028371677999,28400.0
171,1983-12-07,34.5,35.25,34.38,35.0,39900.0,6.187203726422,159600.0
172,1983-12-08,35.12,35.25,34.88,34.88,11700.0,6.1659904565028,46800.0
173,1983-12-09,35.0,35.0,34.5,34.62,29600.0,6.120028371677999,118400.0
174,1983-12-12,34.5,34.75,34.5,34.5,13400.0,6.0988151017588,53600.0
175,1983-12-13,34.5,34.75,34.5,34.5,14300.0,6.0988151017588,57200.0
176,1983-12-14,34.75,34.88,34.5,34.5,53200.0,6.0988151017588,212800.0
177,1983-12-15,34.38,34.38,33.5,33.5,61400.0,5.9220378524325,245600.0
178,1983-12-16,33.75,33.75,33.0,33.12,55200.0,5.8548624976885,220800.0
179,1983-12-19,33.25,33.25,32.88,32.88,26200.0,5.8124359578501,104800.0
180,1983-12-20,33.12,33.25,32.75,32.88,39600.0,5.8124359578501,158400.0
181,1983-12-21,32.88,32.88,31.62,31.62,45300.0,5.589696623699,181200.0
182,1983-12-22,31.62,32.25,31.5,32.0,21900.0,5.656871978443,87600.0
183,1983-12-23,31.75,32.25,31.75,32.25,24200.0,5.7010662907745004,96800.0
184,1983-12-27,32.25,32.25,31.5,31.5,48600.0,5.5684833537798,194400.0
185,1983-12-28,31.5,31.75,31.38,31.75,27400.0,5.6126776661114,109600.0
186,1983-12-29,31.62,32.75,31.62,32.25,43000.0,5.7010662907745004,172000.0
187,1983-12-30,32.12,32.5,32.0,32.5,14600.0,5.745260603106098,58400.0
188,1984-01-03,32.25,32.62,32.0,32.25,53100.0,5.7010662907745004,212400.0
189,1984-01-04,32.5,32.62,32.12,32.25,44200.0,5.7010662907745004,176800.0
190,1984-01-05,32.5,34.25,32.5,34.0,38400.0,6.010426477095599,153600.0
191,1984-01-06,33.88,35.5,33.88,35.0,51300.0,6.187203726422,205200.0
192,1984-01-09,34.88,35.75,34.5,35.62,33700.0,6.2968056210043,134800.0
193,1984-01-10,35.75,36.12,34.38,34.38,37300.0,6.0776018318397,149200.0
194,1984-01-11,34.5,34.5,33.5,34.38,45000.0,6.0776018318397,180000.0
195,1984-01-12,34.25,34.5,34.12,34.5,26300.0,6.0988151017588,105200.0
196,1984-01-13,34.62,34.88,33.88,34.25,16900.0,6.054620789427202,67600.0
197,1984-01-16,34.0,34.25,33.75,33.75,30300.0,5.9706515959972,121200.0
198,1984-01-17,33.0,33.5,32.62,33.5,59700.0,5.926424547138,238800.0
199,1984-01-18,33.5,33.62,33.38,33.5,15700.0,5.926424547138,62800.0
200,1984-01-19,33.25,33.5,32.88,33.25,18700.0,5.8821974982787,74800.0
201,1984-01-20,33.0,33.0,32.62,32.62,11400.0,5.7707453351534985,45600.0
202,1984-01-23,32.62,32.62,31.62,31.62,35500.0,5.5938371397165,142000.0
203,1984-01-24,31.38,32.0,31.38,32.0,70000.0,5.6610622539825,280000.0
204,1984-01-25,32.0,32.38,31.5,31.5,27700.0,5.5726081562641,110800.0
205,1984-01-26,31.5,32.0,31.0,32.0,162300.0,5.6610622539825,649200.0
206,1984-01-27,32.12,32.12,30.5,30.88,37700.0,5.4629250750932,150800.0
207,1984-01-30,30.88,30.88,29.5,30.0,80000.0,5.3072458631086,320000.0
208,1984-01-31,29.88,30.5,29.88,30.25,54500.0,5.3514729119679005,218000.0
209,1984-02-01,30.38,30.88,30.38,30.38,93300.0,5.3744709773747,373200.0
210,1984-02-02,30.38,30.62,30.0,30.12,72400.0,5.3284748465611,289600.0
211,1984-02-03,30.0,30.75,30.0,30.0,37600.0,5.3072458631086,150400.0
212,1984-02-06,30.0,30.25,29.75,29.88,41000.0,5.2860168796562,164000.0
213,1984-02-07,29.88,30.12,29.5,30.0,102000.0,5.3072458631086,408000.0
214,1984-02-08,29.75,30.62,29.75,30.12,92400.0,5.3284748465611,369600.0
215,1984-02-09,29.62,29.75,28.75,29.25,112500.0,5.1745647165309006,450000.0
216,1984-02-10,29.0,29.75,29.0,29.38,82800.0,5.1975627819377,331200.0
217,1984-02-13,29.5,29.75,29.5,29.75,31700.0,5.2630188142494,126800.0
218,1984-02-14,29.75,30.0,29.12,29.25,115900.0,5.1745647165309006,463600.0
219,1984-02-15,29.25,29.38,29.0,29.12,62400.0,5.1515666511240985,249600.0
220,1984-02-16,29.12,29.25,29.0,29.0,40200.0,5.1303376676717,160800.0
221,1984-02-17,29.0,29.12,28.75,29.0,47600.0,5.1303376676717,190400.0
222,1984-02-21,29.0,29.12,28.75,28.75,17400.0,5.0861106188124,69600.0
223,1984-02-22,28.0,28.25,27.62,27.75,59200.0,4.9092024233755,236800.0
224,1984-02-23,27.75,27.75,26.62,26.75,120000.0,4.7322942279385,480000.0
225,1984-02-24,26.75,27.0,26.5,26.75,51200.0,4.7322942279385,204800.0
226,1984-02-27,27.25,28.0,27.12,28.0,59900.0,4.9534294722347,239600.0
227,1984-02-28,28.0,28.25,27.25,27.5,60100.0,4.8649753745163,240400.0
228,1984-02-29,27.38,27.5,27.12,27.38,14900.0,4.8437463910638,59600.0
229,1984-03-01,27.62,27.88,27.25,27.5,21600.0,4.8649753745163,86400.0
230,1984-03-02,27.62,28.75,27.62,28.62,87900.0,5.0631125534056,351600.0
231,1984-03-05,28.62,29.25,28.62,29.0,34000.0,5.1303376676717,136000.0
232,1984-03-06,28.62,29.0,28.5,28.5,27800.0,5.0418835699532005,111200.0
233,1984-03-07,28.25,28.62,27.5,28.0,81600.0,4.9534294722347,326400.0
234,1984-03-08,27.75,28.0,27.62,27.88,143500.0,4.9322004887823,574000.0
235,1984-03-09,27.88,28.12,27.38,27.62,34100.0,4.8862043579687,136400.0
236,1984-03-12,27.38,27.75,27.25,27.75,9300.0,4.9092024233755,37200.0
237,1984-03-13,28.12,29.88,28.12,29.38,66000.0,5.1975627819377,264000.0
238,1984-03-14,29.38,29.75,29.38,29.62,30900.0,5.2400207488426,123600.0
239,1984-03-15,29.62,29.88,29.62,29.62,75400.0,5.2400207488426,301600.0
240,1984-03-16,30.0,30.25,29.88,30.0,52200.0,5.3072458631086,208800.0
241,1984-03-19,29.5,29.5,28.75,29.0,31800.0,5.1303376676717,127200.0
242,1984-03-20,28.5,29.75,28.5,29.5,14300.0,5.2187917653902,57200.0
243,1984-03-21,29.38,29.38,28.75,28.88,20800.0,5.1091086842193,83200.0
244,1984-03-22,28.62,28.75,28.0,28.25,18400.0,4.997656521094,73600.0
245,1984-03-23,28.25,29.12,28.25,28.5,24800.0,5.0418835699532005,99200.0
246,1984-03-26,28.5,28.75,27.75,27.75,41600.0,4.9092024233755,166400.0
247,1984-03-27,28.0,28.0,27.75,27.88,24400.0,4.9322004887823,97600.0
248,1984-03-28,27.75,29.12,27.75,28.88,57000.0,5.1091086842193,228000.0
249,1984-03-29,28.62,29.75,28.5,29.25,40100.0,5.1745647165309006,160400.0
250,1984-03-30,29.25,30.38,29.12,30.12,59300.0,5.3284748465611,237200.0
251,1984-04-02,30.5,30.62,30.12,30.25,33900.0,5.3514729119679005,135600.0
252,1984-04-03,30.25,30.5,29.5,29.75,51500.0,5.2630188142494,206000.0
253,1984-04-04,30.0,30.5,30.0,30.38,90900.0,5.3744709773747,363600.0
254,1984-04-05,30.5,30.75,29.25,29.25,50500.0,5.1745647165309006,202000.0
255,1984-04-06,29.25,29.5,28.62,29.0,47500.0,5.1303376676717,190000.0
256,1984-04-09,29.0,29.25,28.62,28.88,29100.0,5.1091086842193,116400.0
257,1984-04-10,28.62,29.62,28.62,29.0,45600.0,5.1303376676717,182400.0
258,1984-04-11,28.75,29.12,28.75,29.0,64000.0,5.1303376676717,256000.0
259,1984-04-12,29.0,30.25,28.75,30.0,24500.0,5.3072458631086,98000.0
260,1984-04-13,30.0,30.88,30.0,30.12,54800.0,5.332897551447,219200.0
261,1984-04-16,30.25,30.38,29.88,29.88,23700.0,5.2904043438657,94800.0
262,1984-04-17,30.0,30.38,30.0,30.12,12700.0,5.332897551447,50800.0
263,1984-04-18,30.12,30.5,30.0,30.12,34200.0,5.332897551447,136800.0
264,1984-04-19,30.12,30.5,30.0,30.38,14500.0,5.37893185966,58000.0
265,1984-04-23,30.38,30.62,30.38,30.5,28600.0,5.4001784634506,114400.0
266,1984-04-24,30.62,30.62,30.0,30.0,11900.0,5.3116509476564,47600.0
267,1984-04-25,30.25,30.25,29.5,30.0,15400.0,5.3116509476564,61600.0
268,1984-04-26,29.75,30.0,29.62,30.0,17300.0,5.3116509476564,69200.0
269,1984-04-27,30.0,30.75,30.0,30.75,23000.0,5.444442221347799,92000.0
270,1984-04-30,30.75,31.38,30.75,31.12,35000.0,5.5099525830355,140000.0
271,1984-05-01,31.38,31.62,31.38,31.5,29100.0,5.5772334950392,116400.0
272,1984-05-02,31.5,32.88,31.5,32.5,74800.0,5.7542885266277,299200.0
273,1984-05-03,32.5,32.75,32.12,32.25,55400.0,5.7100247687306,221600.0
274,1984-05-04,32.5,32.5,31.25,31.25,19400.0,5.532969737142099,77600.0
275,1984-05-07,31.25,31.38,31.0,31.12,11900.0,5.5099525830355,47600.0
276,1984-05-08,31.0,31.75,31.0,31.38,11300.0,5.555986891248598,45200.0
277,1984-05-09,31.62,31.62,31.12,31.12,18100.0,5.5099525830355,72400.0
278,1984-05-10,31.12,31.12,30.62,30.62,19600.0,5.421425067241301,78400.0
279,1984-05-11,30.5,30.5,30.0,30.0,13500.0,5.3116509476564,54000.0
280,1984-05-14,29.5,30.0,29.5,30.0,10100.0,5.3116509476564,40400.0
281,1984-05-15,30.0,30.12,29.75,29.88,245100.0,5.2904043438657,980400.0
282,1984-05-16,29.75,31.0,29.75,30.62,16200.0,5.421425067241301,64800.0
283,1984-05-17,30.62,30.62,29.88,29.88,17800.0,5.2904043438657,71200.0
284,1984-05-18,30.0,30.0,29.75,30.0,11800.0,5.3116509476564,47200.0
285,1984-05-21,30.25,31.0,29.88,30.25,30200.0,5.3559147055535,120800.0
286,1984-05-22,30.0,30.0,29.0,29.25,53200.0,5.178859673965,212800.0
287,1984-05-23,28.88,28.88,28.25,28.5,19000.0,5.0460684002736,76000.0
288,1984-05-24,28.38,28.38,27.0,27.88,52600.0,4.9362942806887,210400.0
289,1984-05-25,27.62,28.38,27.62,28.12,43700.0,4.9787874882699015,174800.0
290,1984-05-29,28.12,29.12,28.12,28.88,10100.0,5.1133493122772,40400.0
291,1984-05-30,28.62,28.75,28.12,28.38,25600.0,5.0248217964829,102400.0
292,1984-05-31,27.62,28.38,27.62,27.88,261400.0,4.9362942806887,1045600.0
293,1984-06-01,27.88,27.88,27.25,27.38,61700.0,4.8477667648944,246800.0
294,1984-06-04,27.12,27.5,27.0,27.38,65100.0,4.8477667648944,260400.0
295,1984-06-05,27.62,28.0,27.62,27.88,25200.0,4.9362942806887,100800.0
296,1984-06-06,28.12,28.62,28.0,28.38,57700.0,5.0248217964829,230800.0
297,1984-06-07,28.75,28.88,28.62,28.62,24000.0,5.0673150040642,96000.0
298,1984-06-08,28.88,29.0,27.62,27.75,12000.0,4.9132771265820985,48000.0
299,1984-06-11,27.5,27.62,27.25,27.38,18500.0,4.8477667648944,74000.0
300,1984-06-12,27.38,27.38,26.88,26.88,86900.0,4.7592392491001,347600.0
301,1984-06-13,27.12,27.25,26.62,27.0,17600.0,4.7804858528907,70400.0
302,1984-06-14,26.88,27.0,26.12,26.5,24700.0,4.6919583370965,98800.0
303,1984-06-15,27.0,27.12,26.5,27.0,37800.0,4.7804858528907,151200.0
304,1984-06-18,26.75,27.75,26.12,27.12,51200.0,4.8017324566814015,204800.0
305,1984-06-19,27.5,27.62,26.75,27.62,28100.0,4.8902599724756,112400.0
306,1984-06-20,27.38,28.0,27.12,27.75,27400.0,4.9132771265820985,109600.0
307,1984-06-21,28.0,28.12,27.12,27.62,119000.0,4.8902599724756,476000.0
308,1984-06-22,27.38,27.5,27.12,27.5,28300.0,4.869013368685,113200.0
309,1984-06-25,27.25,27.38,26.38,26.75,35100.0,4.7362220949935985,140400.0
310,1984-06-26,26.75,27.25,26.38,26.88,46500.0,4.7592392491001,186000.0
311,1984-06-27,26.88,27.25,26.88,27.25,89100.0,4.824749610787901,356400.0
312,1984-06-28,27.25,27.88,27.25,27.38,13700.0,4.8477667648944,54800.0
313,1984-06-29,27.38,28.25,27.38,27.75,35200.0,4.9132771265820985,140800.0
314,1984-07-02,27.5,27.62,27.12,27.12,45200.0,4.8017324566814015,180800.0
315,1984-07-03,27.0,27.5,27.0,27.5,65400.0,4.869013368685,261600.0
316,1984-07-05,27.12,27.62,27.0,27.62,53800.0,4.8902599724756,215200.0
317,1984-07-06,28.38,28.88,28.12,28.25,121500.0,5.0018046423764,486000.0
318,1984-07-09,28.38,28.88,28.38,28.88,34800.0,5.1133493122772,139200.0
319,1984-07-10,28.88,29.0,28.75,28.88,25900.0,5.1133493122772,103600.0
320,1984-07-11,28.75,29.0,28.62,28.62,40100.0,5.0673150040642,160400.0
321,1984-07-12,28.62,28.88,28.62,28.62,8500.0,5.0673150040642,34000.0
322,1984-07-13,28.62,28.88,28.62,28.75,7700.0,5.0903321581707,30800.0
323,1984-07-16,28.75,28.88,28.62,28.88,12800.0,5.1177756880669,51200.0
324,1984-07-17,28.75,28.88,28.75,28.88,14200.0,5.1177756880669,56800.0
325,1984-07-18,28.75,28.88,28.62,28.75,20100.0,5.0947386091386,80400.0
326,1984-07-19,29.0,29.0,28.75,28.75,37900.0,5.0947386091386,151600.0
327,1984-07-20,28.75,28.88,28.75,28.75,10500.0,5.0947386091386,42000.0
328,1984-07-23,28.88,28.88,28.62,28.75,24800.0,5.0947386091386,99200.0
329,1984-07-24,28.75,28.88,28.5,28.75,33000.0,5.0947386091386,132000.0
330,1984-07-25,28.75,29.12,28.75,29.0,40500.0,5.1390406840007,162000.0
331,1984-07-26,29.25,29.62,29.12,29.62,129800.0,5.2489098296587,519200.0
332,1984-07-27,29.62,29.75,29.5,29.75,37500.0,5.2719469085869015,150000.0
333,1984-07-30,30.0,30.25,30.0,30.0,9800.0,5.316248983449,39200.0
334,1984-07-31,30.5,31.0,30.38,30.75,72600.0,5.4491552080352,290400.0
335,1984-08-01,31.0,31.25,30.88,31.25,31000.0,5.5377593577594,124000.0
336,1984-08-02,31.25,31.5,31.12,31.12,29000.0,5.5147222788310994,116000.0
337,1984-08-03,31.38,33.75,31.25,33.5,86200.0,5.9364780315180985,344800.0
338,1984-08-06,33.25,34.62,33.25,34.12,70400.0,6.046347177176,281600.0
339,1984-08-07,33.75,34.0,33.38,33.62,48500.0,5.9577430274519,194000.0
340,1984-08-08,33.62,33.75,33.12,33.25,43600.0,5.892175956656,174400.0
341,1984-08-09,33.12,34.0,33.0,34.0,72800.0,6.0250821812422,291200.0
342,1984-08-10,34.75,34.88,34.0,34.25,42100.0,6.0693842561043,168400.0
343,1984-08-13,34.12,34.38,33.62,33.75,12000.0,5.980780106380099,48000.0
344,1984-08-14,34.25,34.62,33.5,33.88,34300.0,6.0038171853084,137200.0
345,1984-08-15,33.88,33.88,32.75,33.0,15600.0,5.847873881793902,62400.0
346,1984-08-16,33.0,33.0,32.62,33.0,6200.0,5.847873881793902,24800.0
347,1984-08-17,32.75,32.75,32.38,32.5,13200.0,5.7592697320698,52800.0
348,1984-08-20,32.5,32.88,32.38,32.62,33900.0,5.7805347280036,135600.0
349,1984-08-21,32.62,34.25,32.62,34.0,22500.0,6.0250821812422,90000.0
350,1984-08-22,34.25,34.25,33.62,33.88,27300.0,6.0038171853084,109200.0
351,1984-08-23,33.88,34.25,33.62,33.75,29900.0,5.980780106380099,119600.0
352,1984-08-24,33.75,34.0,33.75,33.75,13700.0,5.980780106380099,54800.0
353,1984-08-27,33.62,33.88,33.5,33.88,5700.0,6.0038171853084,22800.0
354,1984-08-28,33.62,34.25,33.5,34.25,12800.0,6.0693842561043,51200.0
355,1984-08-29,34.38,34.38,34.0,34.0,22000.0,6.0250821812422,88000.0
356,1984-08-30,34.0,34.25,33.88,34.25,25900.0,6.0693842561043,103600.0
357,1984-08-31,34.12,34.25,34.0,34.0,9600.0,6.0250821812422,38400.0
358,1984-09-04,33.75,33.88,33.0,33.0,7900.0,5.847873881793902,31600.0
359,1984-09-05,32.88,32.88,32.62,32.75,7800.0,5.8035718069317985,31200.0
360,1984-09-06,33.0,33.75,33.0,33.5,9500.0,5.9364780315180985,38000.0
361,1984-09-07,33.5,33.5,32.75,32.88,9000.0,5.8266088858601,36000.0
362,1984-09-10,32.88,33.38,32.25,33.12,20200.0,5.869138877727702,80800.0
363,1984-09-11,33.75,34.25,33.62,33.75,44400.0,5.980780106380099,177600.0
364,1984-09-12,33.88,34.25,33.88,34.0,15600.0,6.0250821812422,62400.0
365,1984-09-13,34.0,34.12,33.75,34.0,16100.0,6.0250821812422,64400.0
366,1984-09-14,34.5,34.5,33.88,33.88,10200.0,6.0038171853084,40800.0
367,1984-09-17,34.0,34.12,33.38,33.38,35400.0,5.9152130355843,141600.0
368,1984-09-18,33.25,33.5,33.12,33.25,24400.0,5.892175956656,97600.0
369,1984-09-19,33.0,33.38,32.88,32.88,6200.0,5.8266088858601,24800.0
370,1984-09-20,33.12,33.12,32.75,33.0,12700.0,5.847873881793902,50800.0
371,1984-09-21,32.88,33.5,32.88,32.88,45800.0,5.8266088858601,183200.0
372,1984-09-24,32.88,33.0,32.75,32.75,6400.0,5.8035718069317985,25600.0
373,1984-09-25,32.75,32.75,31.88,32.25,12700.0,5.7149676572077,50800.0
374,1984-09-26,32.25,32.5,32.12,32.25,7200.0,5.7149676572077,28800.0
375,1984-09-27,32.25,32.62,32.25,32.25,11600.0,5.7149676572077,46400.0
376,1984-09-28,32.25,32.5,32.0,32.38,25400.0,5.738004736136,101600.0
377,1984-10-01,32.0,32.0,31.5,31.62,22300.0,5.603326428555301,89200.0
378,1984-10-02,31.75,31.75,31.38,31.5,22900.0,5.582061432621501,91600.0
379,1984-10-03,31.25,31.25,30.25,30.5,23500.0,5.4048531331732,94000.0
380,1984-10-04,30.75,31.25,30.62,30.88,13400.0,5.4721922869635,53600.0
381,1984-10-05,31.12,31.38,30.38,30.38,13100.0,5.3835881372394,52400.0
382,1984-10-08,30.62,30.62,29.5,29.75,8800.0,5.2719469085869015,35200.0
383,1984-10-09,30.0,30.12,29.88,30.12,8600.0,5.3375139793828,34400.0
384,1984-10-10,29.88,30.0,29.0,29.75,36500.0,5.2719469085869015,146000.0
385,1984-10-11,29.62,30.0,29.5,29.75,30800.0,5.2719469085869015,123200.0
386,1984-10-12,30.0,31.0,29.75,31.0,41000.0,5.4934572828973,164000.0
387,1984-10-15,30.75,32.0,30.75,31.88,21000.0,5.653830793898,84000.0
388,1984-10-16,32.0,32.25,31.0,31.25,28000.0,5.5421020172307,112000.0
389,1984-10-17,31.5,31.62,31.38,31.62,4800.0,5.6077205051147,19200.0
390,1984-10-18,31.62,32.75,31.62,32.5,14600.0,5.7637860979199,58400.0
391,1984-10-19,33.0,33.75,32.62,32.88,27800.0,5.8311780584494,111200.0
392,1984-10-22,33.0,33.38,32.62,33.25,26000.0,5.8967965463334,104000.0
393,1984-10-23,33.5,33.75,33.38,33.75,43700.0,5.9854701786090985,174800.0
394,1984-10-24,33.38,33.75,33.38,33.75,7400.0,5.9854701786090985,29600.0
395,1984-10-25,33.75,34.0,33.62,33.62,24100.0,5.9624150342174005,96400.0
396,1984-10-26,33.62,33.75,33.5,33.5,18800.0,5.941133362471301,75200.0
397,1984-10-29,33.25,33.38,32.88,33.25,9500.0,5.8967965463334,38000.0
398,1984-10-30,33.5,33.75,33.38,33.5,17900.0,5.941133362471301,71600.0
399,1984-10-31,33.75,33.75,33.25,33.25,8500.0,5.8967965463334,34000.0
400,1984-11-01,33.5,33.75,33.0,33.25,9800.0,5.8967965463334,39200.0
401,1984-11-02,33.25,34.0,33.25,33.75,11800.0,5.9854701786090985,47200.0
402,1984-11-05,33.5,33.75,33.5,33.62,16400.0,5.9624150342174005,65600.0
403,1984-11-06,33.88,33.88,33.5,33.75,11500.0,5.9854701786090985,46000.0
404,1984-11-07,33.62,33.88,33.5,33.5,11100.0,5.941133362471301,44400.0
405,1984-11-08,33.38,33.62,33.25,33.5,5200.0,5.941133362471301,20800.0
406,1984-11-09,33.88,33.88,33.38,33.38,11100.0,5.9198516907251,44400.0
407,1984-11-12,33.62,33.62,33.25,33.25,8500.0,5.8967965463334,34000.0
408,1984-11-13,33.25,33.62,33.25,33.62,17900.0,5.9624150342174005,71600.0
409,1984-11-14,33.5,33.62,33.38,33.62,27000.0,5.9624150342174005,108000.0
410,1984-11-15,33.5,33.75,33.5,33.75,14000.0,5.9854701786090985,56000.0
411,1984-11-16,33.62,33.88,33.5,33.75,29000.0,5.9854701786090985,116000.0
412,1984-11-19,33.62,33.62,33.0,33.0,28100.0,5.8524597301956,112400.0
413,1984-11-20,33.0,33.0,32.38,33.0,16600.0,5.8524597301956,66400.0
414,1984-11-21,32.88,32.88,32.62,32.62,10600.0,5.785067769665999,42400.0
415,1984-11-23,32.62,33.25,32.62,33.12,12900.0,5.8737414019417,51600.0
416,1984-11-26,33.0,33.25,32.25,32.25,16300.0,5.719449281782,65200.0
417,1984-11-27,32.38,32.62,32.0,32.5,61600.0,5.7637860979199,246400.0
418,1984-11-28,32.25,32.75,32.12,32.25,10200.0,5.719449281782,40800.0
419,1984-11-29,32.25,32.75,32.0,32.0,46000.0,5.6751124656442,184000.0
420,1984-11-30,31.75,31.75,30.0,30.62,33800.0,5.4303732405632985,135200.0
421,1984-12-03,30.62,30.75,29.75,30.12,42100.0,5.3416996082876,168400.0
422,1984-12-04,30.0,30.25,30.0,30.25,20500.0,5.3647547526793,82000.0
423,1984-12-05,30.0,30.0,29.62,29.75,23800.0,5.2760811204036,95200.0
424,1984-12-06,29.25,30.0,29.0,29.88,26800.0,5.2991362647953,107200.0
425,1984-12-07,30.0,30.0,29.25,29.38,19500.0,5.2104626325196,78000.0
426,1984-12-10,29.25,30.0,29.12,30.0,18400.0,5.320417936541401,73600.0
427,1984-12-11,30.0,31.0,29.75,31.0,35100.0,5.4977652010928,140400.0
428,1984-12-12,30.88,31.62,30.88,31.12,60600.0,5.5190468728390005,242400.0
429,1984-12-13,31.12,31.5,31.12,31.25,64000.0,5.5421020172307,256000.0
430,1984-12-14,31.38,31.38,30.5,31.0,27700.0,5.4977652010928,110800.0
431,1984-12-17,30.88,31.12,30.75,30.75,30500.0,5.453428384955,122000.0
432,1984-12-18,30.88,31.62,30.75,31.62,23500.0,5.6077205051147,94000.0
433,1984-12-19,31.88,32.88,31.75,32.12,80000.0,5.6963941373904,320000.0
434,1984-12-20,32.0,32.25,31.12,31.62,59800.0,5.6077205051147,239200.0
435,1984-12-21,31.5,31.5,30.62,31.12,26600.0,5.5190468728390005,106400.0
436,1984-12-24,30.88,31.5,30.88,30.88,21600.0,5.4764835293465985,86400.0
437,1984-12-26,30.88,31.0,30.62,30.75,14900.0,5.453428384955,59600.0
438,1984-12-27,31.0,31.5,30.88,30.88,23400.0,5.4764835293465985,93600.0
439,1984-12-28,30.75,31.38,30.75,31.38,15000.0,5.5651571616223015,60000.0
440,1984-12-31,31.12,31.62,31.0,31.62,22400.0,5.6077205051147,89600.0
441,1985-01-02,31.62,31.75,31.5,31.5,30400.0,5.586438833368501,121600.0
442,1985-01-03,31.5,32.38,31.5,32.0,37800.0,5.6751124656442,151200.0
443,1985-01-04,32.0,32.0,31.62,31.62,38900.0,5.6077205051147,155600.0
444,1985-01-07,31.5,31.75,31.25,31.62,32800.0,5.6077205051147,131200.0
445,1985-01-08,31.88,32.12,31.75,31.88,39300.0,5.653830793898,157200.0
446,1985-01-09,31.88,32.0,31.62,31.62,61900.0,5.6077205051147,247600.0
447,1985-01-10,31.38,33.0,31.25,32.5,89700.0,5.7637860979199,358800.0
448,1985-01-11,32.5,32.88,32.5,32.62,26400.0,5.785067769665999,105600.0
449,1985-01-14,32.25,33.5,32.25,33.5,31600.0,5.9464537804078,126400.0
450,1985-01-15,33.5,34.0,33.0,33.38,61400.0,5.9251530504481,245600.0
451,1985-01-16,33.62,35.12,33.62,34.5,88800.0,6.123959863405,355200.0
452,1985-01-17,34.5,35.38,34.25,35.25,54300.0,6.257089425653,217200.0
453,1985-01-18,35.5,36.38,35.5,36.0,127700.0,6.390218987900901,510800.0
454,1985-01-21,35.75,36.25,35.5,35.75,41200.0,6.3458424671516,164800.0
455,1985-01-22,35.5,36.12,35.38,35.75,52700.0,6.3458424671516,210800.0
456,1985-01-23,36.0,37.0,36.0,37.0,109700.0,6.5677250708982005,438800.0
457,1985-01-24,37.25,37.25,36.38,37.0,58200.0,6.5677250708982005,232800.0
458,1985-01-25,37.0,37.88,36.88,37.75,64500.0,6.7008546331461,258000.0
459,1985-01-28,37.5,37.62,36.25,36.62,43000.0,6.5002727593592,172000.0
460,1985-01-29,36.88,38.62,36.38,38.62,62500.0,6.8552849253537,250000.0
461,1985-01-30,38.62,38.88,37.88,38.12,73300.0,6.7665318838551,293200.0
462,1985-01-31,37.88,37.88,35.88,36.62,70100.0,6.5002727593592,280400.0
463,1985-02-01,36.38,37.0,35.88,36.88,31700.0,6.5464243409385015,126800.0
464,1985-02-04,36.88,37.38,36.5,37.12,28600.0,6.5890258008578,114400.0
465,1985-02-05,37.12,38.38,37.12,38.12,133200.0,6.7665318838551,532800.0
466,1985-02-06,38.0,38.75,38.0,38.38,28200.0,6.8126834654344,112800.0
467,1985-02-07,38.62,38.75,37.75,37.75,43900.0,6.7008546331461,175600.0
468,1985-02-08,37.75,38.62,37.75,38.5,17500.0,6.833984195394,70000.0
469,1985-02-11,38.25,38.5,37.38,38.0,57600.0,6.745231153895402,230400.0
470,1985-02-12,37.75,38.75,37.75,38.75,23800.0,6.8783607161434,95200.0
471,1985-02-13,38.5,38.75,38.25,38.5,22400.0,6.833984195394,89600.0
472,1985-02-14,38.25,38.75,38.12,38.12,39000.0,6.7665318838551,156000.0
473,1985-02-15,37.88,38.5,37.88,38.5,27200.0,6.833984195394,108800.0
474,1985-02-19,38.62,38.62,37.75,38.38,14100.0,6.8126834654344,56400.0
475,1985-02-20,38.38,40.0,38.38,39.75,119700.0,7.0558667991406,478800.0
476,1985-02-21,39.5,39.75,39.38,39.38,38500.0,6.990189548431599,154000.0
477,1985-02-22,39.12,39.25,38.0,38.0,43000.0,6.745231153895402,172000.0
478,1985-02-25,37.88,38.0,37.5,38.0,40700.0,6.745231153895402,162800.0
479,1985-02-26,37.75,38.25,37.75,38.25,19600.0,6.7896076746447,78400.0
480,1985-02-27,38.25,38.25,37.5,37.75,12500.0,6.7008546331461,50000.0
481,1985-02-28,37.62,38.75,37.62,38.5,52300.0,6.833984195394,209200.0
482,1985-03-01,38.5,38.75,38.25,38.75,25300.0,6.8783607161434,101200.0
483,1985-03-04,38.25,38.5,38.0,38.25,49200.0,6.7896076746447,196800.0
484,1985-03-05,38.0,38.38,37.88,38.12,26900.0,6.7665318838551,107600.0
485,1985-03-06,38.12,38.38,38.0,38.25,32500.0,6.7896076746447,130000.0
486,1985-03-07,38.0,38.25,37.5,38.0,25700.0,6.745231153895402,102800.0
487,1985-03-08,37.75,38.0,37.5,37.75,24000.0,6.7008546331461,96000.0
488,1985-03-11,37.5,37.75,37.38,37.5,10000.0,6.656478112396799,40000.0
489,1985-03-12,37.5,37.5,37.12,37.38,45500.0,6.635177382437099,182000.0
490,1985-03-13,37.38,38.12,37.38,37.38,113100.0,6.635177382437099,452400.0
491,1985-03-14,37.12,37.38,37.0,37.0,28100.0,6.5677250708982005,112400.0
492,1985-03-15,36.88,37.38,36.62,37.38,26300.0,6.635177382437099,105200.0
493,1985-03-18,37.0,37.38,36.5,36.5,27800.0,6.4789720293995,111200.0
494,1985-03-19,36.5,38.0,36.5,38.0,45800.0,6.745231153895402,183200.0
495,1985-03-20,38.0,38.0,37.38,37.5,21600.0,6.656478112396799,86400.0
496,1985-03-21,37.38,38.0,37.38,37.75,20700.0,6.7008546331461,82800.0
497,1985-03-22,38.0,38.0,37.25,37.5,34400.0,6.656478112396799,137600.0
498,1985-03-25,37.38,37.38,36.62,37.0,40900.0,6.5677250708982005,163600.0
499,1985-03-26,36.75,36.88,36.5,36.88,85300.0,6.5464243409385015,341200.0
500,1985-03-27,36.62,37.25,36.25,36.75,33500.0,6.523348550148902,134000.0
501,1985-03-28,36.62,37.5,36.62,37.38,67100.0,6.635177382437099,268400.0
502,1985-03-29,37.12,37.75,37.12,37.5,21000.0,6.656478112396799,84000.0
503,1985-04-01,37.5,38.0,37.5,37.75,21900.0,6.7008546331461,87600.0
504,1985-04-02,37.62,37.75,36.5,36.5,52400.0,6.4789720293995,209600.0
505,1985-04-03,36.25,37.38,36.12,37.12,76400.0,6.5890258008578,305600.0
506,1985-04-04,37.12,37.12,36.5,36.62,16500.0,6.5002727593592,66000.0
507,1985-04-08,36.38,37.5,36.38,37.5,26500.0,6.656478112396799,106000.0
508,1985-04-09,37.25,37.38,36.75,37.12,24400.0,6.5890258008578,97600.0
509,1985-04-10,37.38,37.5,37.12,37.12,11000.0,6.5890258008578,44000.0
510,1985-04-11,37.0,37.5,37.0,37.5,29100.0,6.656478112396799,116400.0
511,1985-04-12,37.12,37.5,36.88,37.25,58300.0,6.6121015916475,233200.0
512,1985-04-15,36.88,37.38,36.75,36.75,19700.0,6.5286737326388,78800.0
513,1985-04-16,36.75,37.38,36.25,37.38,19600.0,6.6405938537697,78400.0
514,1985-04-17,37.38,37.75,37.25,37.25,15000.0,6.617499225599801,60000.0
515,1985-04-18,37.25,37.38,37.12,37.25,16200.0,6.617499225599801,64800.0
516,1985-04-19,37.0,37.62,37.0,37.62,11200.0,6.6832300903910005,44800.0
517,1985-04-22,37.5,37.62,37.38,37.5,16000.0,6.6619119720804,64000.0
518,1985-04-23,37.62,38.62,37.5,38.62,21800.0,6.8608810763132,87200.0
519,1985-04-24,38.5,38.62,38.25,38.38,31100.0,6.8182448396919,124400.0
520,1985-04-25,38.12,38.38,37.62,38.0,40900.0,6.7507374650415,163600.0
521,1985-04-26,37.75,38.25,37.38,37.75,20800.0,6.706324718560902,83200.0
522,1985-04-29,37.75,37.75,37.25,37.38,22300.0,6.6405938537697,89200.0
523,1985-04-30,37.5,37.5,36.62,36.62,28400.0,6.5055791044689,113600.0
524,1985-05-01,36.38,36.38,35.5,36.0,72600.0,6.3954354931972,290400.0
525,1985-05-02,35.75,35.88,35.5,35.62,10100.0,6.327928118546799,40400.0
526,1985-05-03,35.38,35.38,34.88,35.25,21300.0,6.262197253755598,85200.0
527,1985-05-06,35.5,36.12,35.38,35.88,10900.0,6.3741173748865,43600.0
528,1985-05-07,35.62,35.88,35.5,35.75,22000.0,6.351022746716598,88000.0
529,1985-05-08,35.75,35.75,35.12,35.62,31000.0,6.327928118546799,124000.0
530,1985-05-09,35.62,36.5,35.62,36.38,137300.0,6.4629428678476,549200.0
531,1985-05-10,36.38,37.75,36.25,37.38,74500.0,6.6405938537697,298000.0
532,1985-05-13,37.5,37.75,37.0,37.38,45000.0,6.6405938537697,180000.0
533,1985-05-14,37.12,37.25,36.5,36.75,49100.0,6.5286737326388,196400.0
534,1985-05-15,37.0,37.62,37.0,37.62,18000.0,6.6832300903910005,72000.0
535,1985-05-16,37.75,37.75,37.12,37.12,23600.0,6.5944045974300005,94400.0
536,1985-05-17,37.25,40.0,36.88,40.0,75000.0,7.1060394368857,300000.0
537,1985-05-20,40.0,40.0,39.0,39.0,58900.0,6.9283884509636,235600.0
538,1985-05-21,38.75,39.75,38.62,39.5,79200.0,7.0172139439247,316800.0
539,1985-05-22,39.25,39.5,38.88,39.12,36600.0,6.9497065692743005,146400.0
540,1985-05-23,39.12,39.38,39.12,39.12,14500.0,6.9497065692743005,58000.0
541,1985-05-24,39.0,39.38,39.0,39.12,47900.0,6.9497065692743005,191600.0
542,1985-05-28,39.12,39.75,39.12,39.38,23400.0,6.995895825614,93600.0
543,1985-05-29,39.38,40.0,39.38,39.88,22200.0,7.0847213185751,88800.0
544,1985-05-30,39.62,39.88,38.88,39.25,221000.0,6.972801197444099,884000.0
545,1985-05-31,39.0,39.12,38.38,39.12,128300.0,6.9497065692743005,513200.0
546,1985-06-03,39.0,39.5,39.0,39.38,31000.0,6.995895825614,124000.0
547,1985-06-04,39.12,40.38,39.12,40.38,160900.0,7.1735468115362,643600.0
548,1985-06-05,40.62,41.62,40.62,41.12,89900.0,7.3050085411185,359600.0
549,1985-06-06,41.0,41.25,40.75,41.0,53500.0,7.283690422807901,214000.0
550,1985-06-07,41.0,41.25,40.75,40.75,30300.0,7.2392776763273,121200.0
551,1985-06-10,40.75,41.0,40.38,40.38,18700.0,7.1735468115362,74800.0
552,1985-06-11,40.62,40.88,40.12,40.75,19400.0,7.2392776763273,77600.0
553,1985-06-12,40.5,40.5,39.88,39.88,27300.0,7.0847213185751,109200.0
554,1985-06-13,39.88,40.12,39.88,40.0,29800.0,7.1060394368857,119200.0
555,1985-06-14,39.88,40.0,39.38,40.0,90900.0,7.1060394368857,363600.0
556,1985-06-17,39.75,40.25,39.75,40.12,118800.0,7.127357555196401,475200.0
557,1985-06-18,40.0,40.75,40.0,40.0,91200.0,7.1060394368857,364800.0
558,1985-06-19,39.5,39.88,38.62,38.62,85000.0,6.8608810763132,340000.0
559,1985-06-20,38.88,38.88,38.12,38.38,13400.0,6.8182448396919,53600.0
560,1985-06-21,38.0,39.38,37.88,39.38,52000.0,6.995895825614,208000.0
561,1985-06-24,39.25,39.5,38.62,39.38,19100.0,6.995895825614,76400.0
562,1985-06-25,39.25,40.0,39.25,39.88,68000.0,7.0847213185751,272000.0
563,1985-06-26,39.62,40.62,39.62,39.75,22100.0,7.061626690405201,88400.0
564,1985-06-27,39.5,40.0,39.5,40.0,26200.0,7.1060394368857,104800.0
565,1985-06-28,39.88,40.25,39.75,40.12,34100.0,7.127357555196401,136400.0
566,1985-07-01,40.0,41.0,40.0,41.0,27300.0,7.283690422807901,109200.0
567,1985-07-02,40.75,42.0,40.75,41.62,25500.0,7.3938340340796,102000.0
568,1985-07-03,41.5,42.0,41.38,41.88,17200.0,7.440023290419401,68800.0
569,1985-07-05,41.75,42.0,41.62,42.0,54800.0,7.46134140873,219200.0
570,1985-07-08,41.75,41.75,40.5,41.12,22400.0,7.3050085411185,89600.0
571,1985-07-09,41.12,41.25,40.5,40.5,27100.0,7.1948649298468,108400.0
572,1985-07-10,40.38,41.0,40.38,41.0,35800.0,7.283690422807901,143200.0
573,1985-07-11,41.0,41.0,40.88,40.88,21400.0,7.2623723044972,85600.0
574,1985-07-12,40.62,40.75,40.38,40.75,22800.0,7.2392776763273,91200.0
575,1985-07-15,41.0,41.12,40.62,41.0,117600.0,7.289019952385499,470400.0
576,1985-07-16,41.0,41.5,40.75,41.5,142500.0,7.377910439609799,570000.0
577,1985-07-17,41.75,42.0,41.75,42.0,67700.0,7.466800926834002,270800.0
578,1985-07-18,41.75,42.62,41.62,42.5,29500.0,7.5556914140582,118000.0
579,1985-07-19,42.38,42.38,41.62,41.75,48300.0,7.422355683221902,193200.0
580,1985-07-22,41.5,41.62,41.12,41.5,11700.0,7.377910439609799,46800.0
581,1985-07-23,41.75,43.0,41.5,41.88,82100.0,7.4454672099002,328400.0
582,1985-07-24,41.75,42.25,41.75,41.88,29500.0,7.4454672099002,118000.0
583,1985-07-25,41.88,42.88,41.75,42.5,37100.0,7.5556914140582,148400.0
584,1985-07-26,42.5,42.5,41.38,41.5,22300.0,7.377910439609799,89200.0
585,1985-07-29,41.12,41.25,40.75,41.12,33800.0,7.310353669319401,135200.0
586,1985-07-30,40.88,40.88,40.38,40.5,78200.0,7.2001294651613,312800.0
587,1985-07-31,40.75,41.12,40.62,41.0,263500.0,7.289019952385499,1054000.0
588,1985-08-01,40.88,41.25,40.75,40.88,11100.0,7.267686235451701,44400.0
589,1985-08-02,40.62,40.88,40.25,40.5,30500.0,7.2001294651613,122000.0
590,1985-08-05,40.25,40.25,39.5,39.75,10800.0,7.0667937343250005,43200.0
591,1985-08-06,40.0,40.25,38.88,38.88,21100.0,6.9121242865549,84400.0
592,1985-08-07,39.12,39.12,38.5,38.88,63400.0,6.9121242865549,253600.0
593,1985-08-08,39.0,39.12,37.12,37.75,60700.0,6.7112317854282,242800.0
594,1985-08-09,38.0,38.0,37.12,37.12,31200.0,6.5992297715256,124800.0
595,1985-08-12,37.38,37.88,37.38,37.5,18600.0,6.6667865418161,74400.0
596,1985-08-13,37.5,37.88,37.38,37.62,12500.0,6.6881202587499,50000.0
597,1985-08-14,37.5,37.88,37.38,37.88,18700.0,6.7343433121065,74800.0
598,1985-08-15,37.62,37.62,37.0,37.0,13900.0,6.5778960545918,55600.0
599,1985-08-16,37.12,37.25,36.5,36.5,41500.0,6.4890055673676015,166000.0
600,1985-08-19,36.5,36.5,35.5,36.0,70500.0,6.400115080143402,282000.0
601,1985-08-20,36.5,37.0,36.25,37.0,21300.0,6.5778960545918,85200.0
602,1985-08-21,37.25,38.0,36.75,36.75,53600.0,6.5334508109797005,214400.0
603,1985-08-22,36.62,36.88,36.0,36.25,33000.0,6.444560323755502,132000.0
604,1985-08-23,35.75,36.38,35.62,36.0,14400.0,6.400115080143402,57600.0
605,1985-08-26,36.0,36.38,35.75,36.0,14100.0,6.400115080143402,56400.0
606,1985-08-27,36.0,37.0,36.0,36.62,13100.0,6.5103392843014,52400.0
607,1985-08-28,36.75,37.62,36.75,37.62,35100.0,6.6881202587499,140400.0
608,1985-08-29,37.38,37.5,36.75,36.88,30600.0,6.556562337658,122400.0
609,1985-08-30,37.0,37.0,36.38,36.5,25000.0,6.4890055673676015,100000.0
610,1985-09-03,36.25,36.75,36.25,36.75,16500.0,6.5334508109797005,66000.0
611,1985-09-04,36.75,37.12,36.38,36.38,23600.0,6.4676718504338,94400.0
612,1985-09-05,36.38,36.38,36.0,36.25,47400.0,6.444560323755502,189600.0
613,1985-09-06,36.12,37.38,36.12,37.12,17700.0,6.5992297715256,70800.0
614,1985-09-09,37.38,38.5,37.12,37.75,34000.0,6.7112317854282,136000.0
615,1985-09-10,37.75,38.0,37.12,37.38,17300.0,6.6454528248822,69200.0
616,1985-09-11,37.12,37.12,36.5,36.62,14100.0,6.5103392843014,56400.0
617,1985-09-12,36.38,36.38,35.5,35.88,49200.0,6.378781363209598,196800.0
618,1985-09-13,35.62,36.25,35.5,36.25,44500.0,6.444560323755502,178000.0
619,1985-09-16,36.0,36.5,36.0,36.5,37500.0,6.4890055673676015,150000.0
620,1985-09-17,36.75,36.75,36.0,36.75,33000.0,6.5334508109797005,132000.0
621,1985-09-18,36.75,36.75,36.0,36.25,104900.0,6.444560323755502,419600.0
622,1985-09-19,36.25,36.62,36.0,36.25,46800.0,6.444560323755502,187200.0
623,1985-09-20,36.25,36.25,35.5,35.62,149800.0,6.332558309853,599200.0
624,1985-09-23,35.88,36.0,35.0,35.12,80600.0,6.2436678226288,322400.0
625,1985-09-24,35.12,35.12,33.62,33.75,170700.0,6.0001078876344005,682800.0
626,1985-09-25,33.75,33.88,33.38,33.5,41600.0,5.955662644022301,166400.0
627,1985-09-26,33.5,34.25,33.5,34.0,34700.0,6.0445531312466,138800.0
628,1985-09-30,34.25,34.38,34.0,34.38,20800.0,6.112109901537,83200.0
629,1985-10-01,34.38,35.88,34.25,35.5,54000.0,6.311224592919201,216000.0
630,1985-10-02,35.25,35.75,33.75,34.25,71200.0,6.0889983748587,284800.0
631,1985-10-03,34.12,34.12,33.25,33.75,104800.0,6.0001078876344005,419200.0
632,1985-10-04,34.0,34.25,33.5,34.25,34600.0,6.0889983748587,138400.0
633,1985-10-07,33.88,33.88,33.25,33.62,47800.0,5.976996360956202,191200.0
634,1985-10-08,33.5,33.75,33.25,33.25,81200.0,5.911217400410202,324800.0
635,1985-10-09,33.5,34.75,33.5,34.5,18900.0,6.1334436184708,75600.0
636,1985-10-10,34.25,34.75,34.12,34.75,55000.0,6.1778888620829,220000.0
637,1985-10-11,35.5,35.5,34.38,35.5,34200.0,6.316558022152599,136800.0
638,1985-10-14,35.75,35.75,35.38,35.5,19400.0,6.316558022152599,77600.0
639,1985-10-15,35.75,36.38,35.75,36.0,33900.0,6.4055236280985,135600.0
640,1985-10-16,36.12,36.5,35.75,35.88,17100.0,6.384171882671501,68400.0
641,1985-10-17,35.75,36.25,35.38,35.38,49000.0,6.2952062767257,196000.0
642,1985-10-18,35.62,35.62,35.38,35.38,18300.0,6.2952062767257,73200.0
643,1985-10-21,35.12,35.5,35.0,35.25,62700.0,6.2720752191797,250800.0
644,1985-10-22,35.0,35.0,34.5,34.5,20800.0,6.138626810261,83200.0
645,1985-10-23,34.5,34.88,34.5,34.75,22900.0,6.1831096132339,91600.0
646,1985-10-24,34.62,34.62,33.88,33.88,74100.0,6.0283094588882005,296400.0
647,1985-10-25,34.12,34.88,34.12,34.62,19700.0,6.1599785556879985,78800.0
648,1985-10-28,34.5,34.5,33.75,34.0,73200.0,6.0496612043152,292800.0
649,1985-10-29,34.25,34.38,34.0,34.38,22700.0,6.117275064834,90800.0
650,1985-10-30,34.38,35.25,34.38,34.62,60700.0,6.1599785556879985,242800.0
651,1985-10-31,34.75,35.38,34.38,34.38,64300.0,6.117275064834,257200.0
652,1985-11-01,34.5,35.38,34.5,35.38,93800.0,6.2952062767257,375200.0
653,1985-11-04,35.12,35.38,34.62,35.0,55500.0,6.2275924162068,222000.0
654,1985-11-05,35.0,35.38,34.62,35.0,85700.0,6.2275924162068,342800.0
655,1985-11-06,35.12,35.88,34.75,35.88,63600.0,6.384171882671501,254400.0
656,1985-11-07,36.0,36.38,35.5,35.75,35600.0,6.3610408251256,142400.0
657,1985-11-08,35.75,36.5,35.62,36.25,160600.0,6.450006431071402,642400.0
658,1985-11-11,36.38,36.75,35.75,36.5,8500.0,6.4944892340443,34000.0
659,1985-11-12,37.0,37.88,36.75,37.62,84600.0,6.693772191362902,338400.0
660,1985-11-13,37.0,37.5,37.0,37.25,86700.0,6.627937642963,346800.0
661,1985-11-14,37.5,37.5,37.0,37.0,24500.0,6.5834548399900985,98000.0
662,1985-11-15,37.25,37.62,36.88,37.62,15900.0,6.693772191362902,63600.0
663,1985-11-18,38.88,38.88,37.62,38.12,42700.0,6.7827377973087,170800.0
664,1985-11-19,38.12,38.12,37.38,37.62,18900.0,6.693772191362902,75600.0
665,1985-11-20,37.62,38.0,37.38,37.5,41500.0,6.6724204459359004,166000.0
666,1985-11-21,37.5,38.75,37.5,38.62,117900.0,6.871703403254499,471600.0
667,1985-11-22,38.38,38.88,38.25,38.5,24300.0,6.8503516578275,97200.0
668,1985-11-25,38.25,38.5,38.0,38.0,14800.0,6.761386051881701,59200.0
669,1985-11-26,38.0,38.62,38.0,38.38,10200.0,6.8289999124005,40800.0
670,1985-11-27,38.5,39.62,38.5,39.25,46500.0,6.9838000667462,186000.0
671,1985-11-29,39.5,40.12,39.38,39.5,47700.0,7.0282828697191,190800.0
672,1985-12-02,39.62,39.75,39.0,39.0,35400.0,6.939317263773298,141600.0
673,1985-12-03,39.5,39.5,39.12,39.38,28800.0,7.006931124292098,115200.0
674,1985-12-04,39.12,40.5,39.12,40.5,33800.0,7.2062140816108,135200.0
675,1985-12-05,40.25,40.5,39.75,39.75,43100.0,7.0727656726921,172400.0
676,1985-12-06,39.75,39.75,39.0,39.25,50900.0,6.9838000667462,203600.0
677,1985-12-09,39.0,39.75,38.62,39.75,25800.0,7.0727656726921,103200.0
678,1985-12-10,39.75,39.88,39.5,39.62,42900.0,7.0496346151461,171600.0
679,1985-12-11,39.38,39.75,38.5,39.12,141200.0,6.9606690092003,564800.0
680,1985-12-12,39.0,39.12,38.5,38.88,157200.0,6.9179655183463,628800.0
681,1985-12-13,39.0,39.25,38.62,38.75,57100.0,6.894834460800401,228400.0
682,1985-12-16,38.62,39.0,38.38,38.62,76200.0,6.871703403254499,304800.0
683,1985-12-17,38.88,39.0,38.38,39.0,66600.0,6.939317263773298,266400.0
684,1985-12-18,38.62,38.88,38.0,38.25,132700.0,6.805868854854598,530800.0
685,1985-12-19,38.0,38.25,37.5,37.88,24100.0,6.7400343064547,96400.0
686,1985-12-20,38.0,39.38,37.12,38.0,64700.0,6.761386051881701,258800.0
687,1985-12-23,38.0,38.0,37.62,38.0,40600.0,6.761386051881701,162400.0
688,1985-12-24,37.5,37.5,37.25,37.38,18100.0,6.651068700508901,72400.0
689,1985-12-26,37.38,38.25,37.38,37.88,15600.0,6.7400343064547,62400.0
690,1985-12-27,37.88,37.88,37.38,37.5,27600.0,6.6724204459359004,110400.0
691,1985-12-30,37.38,37.75,37.0,37.62,20800.0,6.693772191362902,83200.0
692,1985-12-31,37.75,38.38,37.5,38.38,30300.0,6.8289999124005,121200.0
693,1986-01-02,38.12,38.38,38.12,38.25,24500.0,6.805868854854598,98000.0
694,1986-01-03,38.25,38.25,37.5,38.0,38600.0,6.761386051881701,154400.0
695,1986-01-06,37.88,38.0,37.25,37.38,16800.0,6.651068700508901,67200.0
696,1986-01-07,37.5,38.88,37.5,38.75,23000.0,6.894834460800401,92000.0
697,1986-01-08,39.0,39.12,36.88,37.0,69700.0,6.5834548399900985,278800.0
698,1986-01-09,36.75,37.25,36.0,36.62,40600.0,6.5158409794713,162400.0
699,1986-01-10,36.38,37.12,36.12,36.38,33000.0,6.4731374886173,132000.0
700,1986-01-13,36.75,37.0,36.0,36.75,48900.0,6.5447548014037,195600.0
701,1986-01-14,36.5,36.88,36.12,36.12,25000.0,6.4325590048082,100000.0
702,1986-01-15,36.12,36.62,36.12,36.5,38500.0,6.5002326598975015,154000.0
703,1986-01-16,36.75,36.88,36.38,36.62,26700.0,6.5216032878205,106800.0
704,1986-01-17,36.75,36.88,36.12,36.12,27300.0,6.4325590048082,109200.0
705,1986-01-20,36.0,36.88,35.88,36.88,24300.0,6.5679063149869,97200.0
706,1986-01-21,36.62,36.75,36.12,36.38,31800.0,6.478862031974598,127200.0
707,1986-01-22,36.12,36.5,36.12,36.38,24200.0,6.478862031974598,96800.0
708,1986-01-23,36.25,36.5,36.12,36.25,10500.0,6.455710518391402,42000.0
709,1986-01-24,36.5,36.88,36.12,36.12,27200.0,6.4325590048082,108800.0
710,1986-01-27,36.12,37.5,36.12,37.5,74700.0,6.678321225922098,298800.0
711,1986-01-28,37.25,37.38,36.88,37.25,29100.0,6.633799084415998,116400.0
712,1986-01-29,37.0,38.0,36.88,37.88,71300.0,6.7459948810114,285200.0
713,1986-01-30,37.62,38.12,37.38,37.38,46800.0,6.656950597999098,187200.0
714,1986-01-31,37.62,38.88,37.5,38.38,80100.0,6.8350391640237,320400.0
715,1986-02-03,38.12,39.38,38.12,39.38,152600.0,7.0131277300483,610400.0
716,1986-02-04,39.5,40.0,39.5,39.62,73400.0,7.055868985894199,293600.0
717,1986-02-05,39.62,39.75,38.75,39.75,119600.0,7.079020499477401,478400.0
718,1986-02-06,39.62,39.88,39.5,39.5,143200.0,7.0344983579713,572800.0
719,1986-02-07,39.38,40.0,39.25,39.75,84800.0,7.079020499477401,339200.0
720,1986-02-10,39.5,39.88,39.25,39.75,79400.0,7.079020499477401,317600.0
721,1986-02-11,39.62,39.75,39.62,39.62,36500.0,7.055868985894199,146000.0
722,1986-02-12,39.62,40.0,39.25,39.38,36600.0,7.0131277300483,146400.0
723,1986-02-13,39.5,39.5,38.75,39.5,66100.0,7.0344983579713,264400.0
724,1986-02-14,39.25,39.38,38.62,39.25,32800.0,6.9899762164651005,131200.0
725,1986-02-18,39.25,40.12,39.0,40.12,71600.0,7.1449132689065005,286400.0
726,1986-02-19,39.88,40.0,39.25,39.62,25500.0,7.055868985894199,102000.0
727,1986-02-20,39.38,40.0,39.38,40.0,33100.0,7.123542640983598,132400.0
728,1986-02-21,40.25,40.25,39.25,39.38,65700.0,7.0131277300483,262800.0
729,1986-02-24,39.38,39.38,38.12,38.12,297700.0,6.7887361368573,1190800.0
730,1986-02-25,38.12,38.38,37.38,37.5,27600.0,6.678321225922098,110400.0
731,1986-02-26,37.5,37.88,37.0,37.62,71500.0,6.6996918538450005,286000.0
732,1986-02-27,37.88,38.62,37.75,38.5,86800.0,6.8564097919467,347200.0
733,1986-02-28,38.75,39.25,38.25,39.25,142200.0,6.9899762164651005,568800.0
734,1986-03-03,39.0,39.25,38.25,38.62,61000.0,6.877780419869598,244000.0
735,1986-03-04,38.38,39.25,38.12,38.25,48400.0,6.8118876504405,193600.0
736,1986-03-05,38.25,39.0,38.25,39.0,50200.0,6.9454540749590015,200800.0
737,1986-03-06,39.0,39.88,38.88,39.88,93700.0,7.102172013060598,374800.0
738,1986-03-07,40.0,40.75,40.0,40.75,128300.0,7.257109065502,513200.0
739,1986-03-10,40.25,40.5,39.75,39.75,101400.0,7.079020499477401,405600.0
740,1986-03-11,39.75,40.5,39.75,40.5,31700.0,7.2125869239959,126800.0
741,1986-03-12,40.75,42.0,40.75,41.75,137300.0,7.4351976315266,549200.0
742,1986-03-13,41.25,42.88,41.25,42.62,124100.0,7.590134683968,496400.0
743,1986-03-14,42.62,43.0,41.62,42.5,119500.0,7.568764056045,478000.0
744,1986-03-17,42.0,42.62,41.38,42.5,53100.0,7.568764056045,212400.0
745,1986-03-18,42.62,42.62,41.5,41.75,41700.0,7.4351976315266,166800.0
746,1986-03-19,41.88,41.88,41.12,41.5,23300.0,7.3906754900205,93200.0
747,1986-03-20,41.25,41.25,40.38,40.75,40900.0,7.257109065502,163600.0
748,1986-03-21,41.12,41.25,40.5,40.5,58700.0,7.2125869239959,234800.0
749,1986-03-24,40.12,40.5,39.0,40.25,46800.0,7.1680647824897,187200.0
750,1986-03-25,40.0,40.5,39.38,39.88,38000.0,7.102172013060598,152000.0
751,1986-03-26,39.88,39.88,38.75,39.88,43600.0,7.102172013060598,174400.0
752,1986-03-27,40.0,41.5,40.0,41.25,81900.0,7.346153348514299,327600.0
753,1986-03-31,41.0,41.25,40.62,41.0,51900.0,7.301631207008199,207600.0
754,1986-04-01,40.75,40.75,39.62,39.62,50500.0,7.055868985894199,202000.0
755,1986-04-02,39.5,39.75,39.12,39.75,24200.0,7.079020499477401,96800.0
756,1986-04-03,39.62,39.75,38.25,38.38,61900.0,6.8350391640237,247600.0
757,1986-04-04,38.62,39.12,38.25,38.25,63500.0,6.8118876504405,254000.0
758,1986-04-07,38.5,38.62,38.0,38.5,55900.0,6.8564097919467,223600.0
759,1986-04-08,38.25,40.25,38.25,40.12,38900.0,7.1449132689065005,155600.0
760,1986-04-09,40.38,40.88,40.0,40.25,51900.0,7.1680647824897,207600.0
761,1986-04-10,40.12,40.75,40.0,40.5,38300.0,7.2125869239959,153200.0
762,1986-04-11,40.5,40.75,39.88,40.0,46600.0,7.123542640983598,186400.0
763,1986-04-14,39.75,40.25,39.75,39.75,26200.0,7.0848083778732,104800.0
764,1986-04-15,39.75,40.0,39.38,39.5,38700.0,7.0402498346162,154800.0
765,1986-04-16,39.62,40.25,39.5,39.75,199800.0,7.0848083778732,799200.0
766,1986-04-17,39.88,39.88,39.0,39.0,231400.0,6.951132748101998,925600.0
767,1986-04-18,39.38,39.5,38.75,39.12,37700.0,6.9725208488654005,150800.0
768,1986-04-21,38.62,39.12,38.62,39.12,76200.0,6.9725208488654005,304800.0
769,1986-04-22,38.88,39.75,38.75,39.0,77100.0,6.951132748101998,308400.0
770,1986-04-23,38.38,38.5,37.75,38.0,161000.0,6.7728985750738,644000.0
771,1986-04-24,38.0,38.5,38.0,38.38,73100.0,6.8406275608245,292400.0
772,1986-04-25,38.25,38.62,38.12,38.62,70100.0,6.8834037623513,280400.0
773,1986-04-28,38.62,39.62,38.62,39.0,45900.0,6.951132748101998,183600.0
774,1986-04-29,39.0,39.25,38.88,39.25,34600.0,6.995691291359099,138400.0
775,1986-04-30,39.0,39.25,38.88,39.0,46800.0,6.951132748101998,187200.0
776,1986-05-01,38.75,39.0,38.25,38.38,54800.0,6.8406275608245,219200.0
777,1986-05-02,38.38,38.88,38.38,38.5,107000.0,6.8620156615879,428000.0
778,1986-05-05,38.38,39.0,38.38,38.62,94500.0,6.8834037623513,378000.0
779,1986-05-06,38.88,38.88,38.5,38.62,20300.0,6.8834037623513,81200.0
780,1986-05-07,38.38,38.38,37.75,38.0,61200.0,6.7728985750738,244800.0
781,1986-05-08,38.25,38.25,37.75,37.75,52200.0,6.728340031816701,208800.0
782,1986-05-09,37.75,37.75,37.25,37.62,87000.0,6.705169589323,348000.0
783,1986-05-12,37.5,37.88,37.5,37.62,25200.0,6.705169589323,100800.0
784,1986-05-13,37.62,37.62,36.5,37.0,126800.0,6.5946644020455,507200.0
785,1986-05-14,36.75,37.0,36.25,36.62,101000.0,6.5269354162948,404000.0
786,1986-05-15,36.75,36.88,36.38,36.75,45500.0,6.5501058587885,182000.0
787,1986-05-16,36.5,36.5,35.38,36.0,94800.0,6.416430229017299,379200.0
788,1986-05-19,35.88,35.88,35.5,35.5,27400.0,6.327313142503098,109600.0
789,1986-05-20,35.5,36.38,35.5,36.38,42500.0,6.484159214768,170000.0
790,1986-05-21,36.5,36.75,36.0,36.25,109000.0,6.4609887722743,436000.0
791,1986-05-22,36.0,38.0,36.0,38.0,110900.0,6.7728985750738,443600.0
792,1986-05-23,38.0,38.12,37.0,37.25,42500.0,6.6392229453026,170000.0
793,1986-05-27,37.5,37.62,36.88,37.0,125200.0,6.5946644020455,500800.0
794,1986-05-28,37.0,37.25,36.62,36.88,46000.0,6.5732763012821,184000.0
795,1986-05-29,36.62,37.0,35.75,36.38,73100.0,6.484159214768,292400.0
796,1986-05-30,36.12,36.5,35.25,35.25,187900.0,6.2827545992461005,751600.0
797,1986-06-02,35.25,35.25,33.88,34.25,134700.0,6.1045204262178006,538800.0
798,1986-06-03,34.5,34.5,32.75,33.75,123300.0,6.015403339703702,493200.0
799,1986-06-04,33.5,33.75,33.0,33.5,94100.0,5.9708447964466,376400.0
800,1986-06-05,32.75,35.0,32.75,34.75,92600.0,6.1936375127319,370400.0
801,1986-06-06,34.75,35.88,34.62,35.75,83100.0,6.3718716857602,332400.0
802,1986-06-09,35.5,35.88,35.25,35.75,28900.0,6.3718716857602,115600.0
803,1986-06-10,35.5,35.62,34.88,35.12,39800.0,6.2595841567524015,159200.0
804,1986-06-11,34.88,35.25,34.88,35.12,40500.0,6.2595841567524015,162000.0
805,1986-06-12,35.12,35.25,35.0,35.12,19600.0,6.2595841567524015,78400.0
806,1986-06-13,35.12,35.75,35.0,35.75,32000.0,6.3718716857602,128000.0
807,1986-06-16,35.25,35.25,33.88,34.12,144900.0,6.081349983724098,579600.0
808,1986-06-17,34.0,34.25,33.88,34.25,162900.0,6.1045204262178006,651600.0
809,1986-06-18,34.0,34.25,33.0,33.25,128100.0,5.926286253189598,512400.0
810,1986-06-19,32.75,33.12,32.75,32.88,180200.0,5.860339609169098,720800.0
811,1986-06-20,33.0,33.5,32.88,33.5,65000.0,5.9708447964466,260000.0
812,1986-06-23,33.25,33.62,33.25,33.5,67600.0,5.9708447964466,270400.0
813,1986-06-24,33.25,34.0,33.25,33.62,40200.0,5.992232897209999,160800.0
814,1986-06-25,33.88,34.0,33.0,33.38,74700.0,5.9494566956832005,298800.0
815,1986-06-26,33.12,33.38,32.75,33.0,71300.0,5.8817277099325,285200.0
816,1986-06-27,32.88,33.38,32.75,33.0,67700.0,5.8817277099325,270800.0
817,1986-06-30,33.5,34.0,33.0,33.88,56100.0,6.0385737821974015,224400.0
818,1986-07-01,33.88,34.75,33.88,34.75,53400.0,6.1936375127319,213600.0
819,1986-07-02,34.5,34.88,34.5,34.75,101800.0,6.1936375127319,407200.0
820,1986-07-03,34.5,35.0,34.38,34.88,80900.0,6.2168079552256,323600.0
821,1986-07-07,34.75,34.75,34.0,34.62,64500.0,6.170467070238299,258000.0
822,1986-07-08,34.38,34.38,33.5,33.88,49600.0,6.0385737821974015,198400.0
823,1986-07-09,33.75,34.25,33.25,33.5,49900.0,5.9708447964466,199600.0
824,1986-07-10,33.75,34.5,33.25,34.5,52900.0,6.149078969474901,211600.0
825,1986-07-11,34.0,34.75,34.0,34.75,103600.0,6.1936375127319,414400.0
826,1986-07-14,34.62,34.75,34.0,34.62,47900.0,6.176259680861701,191600.0
827,1986-07-15,34.38,34.62,33.12,33.5,113500.0,5.976450008921598,454000.0
828,1986-07-16,33.12,33.62,32.75,33.25,121100.0,5.9318496357207,484400.0
829,1986-07-17,33.0,33.12,32.0,32.25,74700.0,5.7534481429171,298800.0
830,1986-07-18,31.5,31.62,30.75,31.5,82500.0,5.619647023314401,330000.0
831,1986-07-21,31.25,31.38,30.75,31.0,33200.0,5.5304462769125,132800.0
832,1986-07-22,30.75,31.38,30.62,31.25,85500.0,5.5750466501134,342000.0
833,1986-07-23,31.25,32.5,31.25,31.5,46900.0,5.619647023314401,187600.0
834,1986-07-24,31.75,32.75,31.5,31.5,73000.0,5.619647023314401,292000.0
835,1986-07-25,31.5,31.62,30.12,30.62,223400.0,5.4626537096472,893600.0
836,1986-07-28,30.38,30.75,29.5,30.5,76100.0,5.4412455305107,304400.0
837,1986-07-29,30.25,30.88,29.62,29.75,92600.0,5.307444410908,370400.0
838,1986-07-30,29.5,29.5,27.75,28.12,92200.0,5.0166499776381,368800.0
839,1986-07-31,28.0,28.38,27.62,28.0,117800.0,4.995241798501599,471200.0
840,1986-08-01,27.62,28.5,27.62,28.5,124400.0,5.0844425449035,497600.0
841,1986-08-04,28.75,28.75,28.0,28.12,86100.0,5.0166499776381,344400.0
842,1986-08-05,28.38,29.25,28.25,28.88,139600.0,5.1522351121688,558400.0
843,1986-08-06,29.12,30.12,28.88,30.0,73500.0,5.352044784108902,294000.0
844,1986-08-07,29.88,30.25,29.38,29.38,56400.0,5.2414358585707,225600.0
845,1986-08-08,29.12,30.0,29.0,30.0,52300.0,5.352044784108902,209200.0
846,1986-08-11,29.75,31.12,29.75,30.62,63300.0,5.4626537096472,253200.0
847,1986-08-12,30.88,30.88,30.0,30.62,35900.0,5.4626537096472,143600.0
848,1986-08-13,30.75,30.88,30.0,30.25,96700.0,5.3966451573098,386800.0
849,1986-08-14,30.0,30.75,30.0,30.75,39100.0,5.485845903711599,156400.0
850,1986-08-15,30.5,30.75,30.38,30.62,47900.0,5.4626537096472,191600.0
851,1986-08-18,30.38,30.38,29.62,29.88,36900.0,5.3306366049725,147600.0
852,1986-08-19,29.88,29.88,29.25,29.38,95300.0,5.2414358585707,381200.0
853,1986-08-20,29.25,29.62,29.25,29.62,76800.0,5.2842522168435,307200.0
854,1986-08-21,29.75,30.5,29.75,30.38,117300.0,5.4198373513743,469200.0
855,1986-08-22,30.12,30.5,29.88,29.88,33000.0,5.3306366049725,132000.0
856,1986-08-25,29.88,29.88,29.25,29.25,22900.0,5.2182436645062,91600.0
857,1986-08-26,29.0,30.25,29.0,29.62,260400.0,5.2842522168435,1041600.0
858,1986-08-27,29.62,29.62,29.0,29.5,97000.0,5.262844037707099,388000.0
859,1986-08-28,29.75,29.75,29.38,29.62,38000.0,5.2842522168435,152000.0
860,1986-08-29,29.62,30.0,29.5,29.5,67400.0,5.262844037707099,269600.0
861,1986-09-02,29.88,29.88,29.0,29.0,91800.0,5.1736432913053,367200.0
862,1986-09-03,29.25,29.5,29.12,29.38,28700.0,5.2414358585707,114800.0
863,1986-09-04,29.0,29.88,29.0,29.88,95300.0,5.3306366049725,381200.0
864,1986-09-05,29.25,30.0,29.25,29.62,78500.0,5.2842522168435,314000.0
865,1986-09-08,29.5,29.75,29.5,29.5,42200.0,5.262844037707099,168800.0
866,1986-09-09,29.5,30.25,29.5,29.88,74100.0,5.3306366049725,296400.0
867,1986-09-10,29.88,30.75,29.88,30.5,78500.0,5.4412455305107,314000.0
868,1986-09-11,30.0,30.25,29.5,29.88,134600.0,5.3306366049725,538400.0
869,1986-09-12,29.62,29.88,29.25,29.75,97200.0,5.307444410908,388800.0
870,1986-09-15,29.75,29.88,29.75,29.75,42700.0,5.307444410908,170800.0
871,1986-09-16,29.75,30.25,29.62,30.25,69300.0,5.3966451573098,277200.0
872,1986-09-17,30.12,32.5,30.12,31.75,182400.0,5.6642473965153,729600.0
873,1986-09-18,31.38,32.0,31.12,31.25,81100.0,5.5750466501134,324400.0
874,1986-09-19,31.12,31.5,30.75,31.12,82700.0,5.551854456049,330800.0
875,1986-09-22,31.0,31.38,31.0,31.38,28300.0,5.5982388441779,113200.0
876,1986-09-23,31.25,31.38,31.0,31.25,44600.0,5.5750466501134,178400.0
877,1986-09-24,31.0,31.38,31.0,31.0,31500.0,5.5304462769125,126000.0
878,1986-09-25,31.0,31.12,30.75,30.88,105100.0,5.5090380977761,420400.0
879,1986-09-26,30.62,30.75,30.5,30.62,36800.0,5.4626537096472,147200.0
880,1986-09-29,30.38,30.38,30.12,30.25,64800.0,5.3966451573098,259200.0
881,1986-09-30,30.25,30.38,30.0,30.12,71300.0,5.3734529632453,285200.0
882,1986-10-01,30.0,30.12,30.0,30.0,45700.0,5.352044784108902,182800.0
883,1986-10-02,30.0,30.25,30.0,30.0,50800.0,5.352044784108902,203200.0
884,1986-10-03,30.0,30.38,30.0,30.0,26700.0,5.352044784108902,106800.0
885,1986-10-06,30.12,30.12,30.0,30.0,18200.0,5.352044784108902,72800.0
886,1986-10-07,30.0,30.12,29.88,29.88,35500.0,5.3306366049725,142000.0
887,1986-10-08,29.62,29.75,29.62,29.75,29100.0,5.307444410908,116400.0
888,1986-10-09,29.62,29.88,29.62,29.62,45100.0,5.2842522168435,180400.0
889,1986-10-10,29.5,29.5,29.12,29.5,30900.0,5.2686420862232,123600.0
890,1986-10-13,29.5,29.62,29.38,29.62,17500.0,5.2900738506417,70000.0
891,1986-10-14,29.62,30.0,29.62,29.62,120800.0,5.2900738506417,483200.0
892,1986-10-15,29.5,30.62,29.5,30.5,56500.0,5.4472401230443,226000.0
893,1986-10-16,30.25,30.75,30.25,30.5,70200.0,5.4472401230443,280800.0
894,1986-10-17,30.38,30.38,29.5,29.88,24800.0,5.3365093402152,99200.0
895,1986-10-20,29.62,29.62,29.38,29.62,41900.0,5.2900738506417,167600.0
896,1986-10-21,29.88,30.0,29.62,29.62,32500.0,5.2900738506417,130000.0
897,1986-10-22,29.62,29.62,29.38,29.62,35300.0,5.2900738506417,141200.0
898,1986-10-23,29.5,30.0,29.5,30.0,31900.0,5.3579411046338,127600.0
899,1986-10-24,29.75,29.75,28.88,29.0,63600.0,5.1793430678125985,254400.0
900,1986-10-27,29.0,29.38,28.88,29.25,61000.0,5.2239925770179,244000.0
901,1986-10-28,29.12,30.0,29.12,29.88,38700.0,5.3365093402152,154800.0
902,1986-10-29,29.5,29.62,29.12,29.62,35200.0,5.2900738506417,140800.0
903,1986-10-30,29.5,29.88,28.5,28.75,57700.0,5.134693558607402,230800.0
904,1986-10-31,28.5,28.62,28.12,28.38,60400.0,5.0686122849836,241600.0
905,1986-11-03,28.62,28.75,28.25,28.5,67700.0,5.0900440494021,270800.0
906,1986-11-04,28.38,28.75,28.38,28.75,31400.0,5.134693558607402,125600.0
907,1986-11-05,28.5,29.38,28.38,28.88,155700.0,5.1579113033941,622800.0
908,1986-11-06,28.88,29.0,28.12,28.5,58200.0,5.0900440494021,232800.0
909,1986-11-07,28.75,28.88,28.12,28.75,39800.0,5.134693558607402,159200.0
910,1986-11-10,28.88,29.25,28.5,29.25,35300.0,5.2239925770179,141200.0
911,1986-11-11,29.25,29.25,28.88,29.12,17600.0,5.2007748322312,70400.0
912,1986-11-12,28.88,29.38,28.25,28.62,62200.0,5.111475813820599,248800.0
913,1986-11-13,28.62,28.75,28.38,28.62,240500.0,5.111475813820599,962000.0
914,1986-11-14,28.5,31.0,28.5,30.38,194600.0,5.425808358625799,778400.0
915,1986-11-17,30.12,30.5,29.5,30.12,91600.0,5.3793728690523,366400.0
916,1986-11-18,29.88,30.38,28.5,29.5,85300.0,5.2686420862232,341200.0
917,1986-11-19,29.62,29.62,28.75,28.88,16600.0,5.1579113033941,66400.0
918,1986-11-20,29.0,30.0,28.62,30.0,31600.0,5.3579411046338,126400.0
919,1986-11-21,30.12,30.75,29.75,30.25,82900.0,5.4025906138391,331600.0
920,1986-11-24,30.38,30.88,29.88,30.25,54600.0,5.4025906138391,218400.0
921,1986-11-25,30.0,30.25,29.38,29.75,39700.0,5.3132915954285,158800.0
922,1986-11-26,29.5,30.12,29.25,30.0,52800.0,5.3579411046338,211200.0
923,1986-11-28,30.0,30.88,30.0,30.5,32800.0,5.4472401230443,131200.0
924,1986-12-01,30.75,30.88,30.0,30.88,93400.0,5.5151073770364,373600.0
925,1986-12-02,30.62,31.88,30.62,31.88,96300.0,5.693705413857501,385200.0
926,1986-12-03,31.62,31.75,31.0,31.25,59400.0,5.5811886506602,237600.0
927,1986-12-04,30.75,31.38,30.62,31.25,41700.0,5.5811886506602,166800.0
928,1986-12-05,31.0,31.38,30.0,31.0,55900.0,5.5365391414549014,223600.0
929,1986-12-08,31.0,31.38,29.62,30.38,138500.0,5.425808358625799,554000.0
930,1986-12-09,30.62,30.75,30.25,30.5,36700.0,5.4472401230443,146800.0
931,1986-12-10,30.25,31.0,30.25,30.62,83500.0,5.468671887462901,334000.0
932,1986-12-11,30.62,30.75,29.5,30.0,56800.0,5.3579411046338,227200.0
933,1986-12-12,29.88,30.12,29.75,30.0,56800.0,5.3579411046338,227200.0
934,1986-12-15,30.0,30.5,30.0,30.5,76700.0,5.4472401230443,306800.0
935,1986-12-16,30.5,30.88,30.25,30.88,81200.0,5.5151073770364,324800.0
936,1986-12-17,30.62,30.75,30.12,30.25,44300.0,5.4025906138391,177200.0
937,1986-12-18,30.38,30.5,30.12,30.12,119600.0,5.3793728690523,478400.0
938,1986-12-19,30.12,30.75,30.0,30.12,162500.0,5.3793728690523,650000.0
939,1986-12-22,29.88,30.5,29.62,30.5,77700.0,5.4472401230443,310800.0
940,1986-12-23,30.0,30.5,29.12,29.38,70800.0,5.2472103218047,283200.0
941,1986-12-24,29.38,29.88,29.38,29.5,25100.0,5.2686420862232,100400.0
942,1986-12-26,29.38,29.5,29.12,29.25,25600.0,5.2239925770179,102400.0
943,1986-12-29,29.0,29.12,28.75,28.75,65400.0,5.134693558607402,261600.0
944,1986-12-30,28.75,29.0,28.62,28.62,72900.0,5.111475813820599,291600.0
945,1986-12-31,28.5,28.75,28.0,28.25,62600.0,5.045394540196799,250400.0
946,1987-01-02,28.25,28.38,28.0,28.25,89000.0,5.045394540196799,356000.0
947,1987-01-05,28.5,30.0,28.5,29.62,115200.0,5.2900738506417,460800.0
948,1987-01-06,29.5,30.12,29.5,29.75,54900.0,5.3132915954285,219600.0
949,1987-01-07,29.75,30.25,29.75,29.88,28200.0,5.3365093402152,112800.0
950,1987-01-08,30.0,30.0,29.5,30.0,75500.0,5.3579411046338,302000.0
951,1987-01-09,29.75,30.38,29.75,30.12,40700.0,5.3793728690523,162800.0
952,1987-01-12,30.38,30.75,30.0,30.62,52600.0,5.468671887462901,210400.0
953,1987-01-13,30.62,31.25,30.5,30.88,85700.0,5.5151073770364,342800.0
954,1987-01-14,30.88,31.75,30.75,31.62,50300.0,5.647269924284,201200.0
955,1987-01-15,31.88,33.12,31.5,32.5,127700.0,5.8044361966865985,510800.0
956,1987-01-16,32.38,32.75,31.88,32.38,73800.0,5.7892553635568,295200.0
957,1987-01-19,32.12,33.75,32.0,32.75,52700.0,5.855408065363999,210800.0
958,1987-01-20,33.25,34.12,33.25,33.75,112800.0,6.034199151329299,451200.0
959,1987-01-21,33.5,34.0,33.38,33.5,87100.0,5.9895013798379,348400.0
960,1987-01-22,33.38,34.0,33.12,33.88,80400.0,6.057441992504799,321600.0
961,1987-01-23,33.88,34.75,33.12,33.5,128600.0,5.9895013798379,514400.0
962,1987-01-26,33.62,33.88,33.25,33.75,57000.0,6.034199151329299,228000.0
963,1987-01-27,33.75,34.62,33.38,34.25,94200.0,6.1235946943119,376800.0
964,1987-01-28,34.5,34.88,34.0,34.62,65100.0,6.1897473961191,260400.0
965,1987-01-29,34.88,35.0,33.75,34.25,56000.0,6.1235946943119,224000.0
966,1987-01-30,34.0,34.38,33.75,34.25,53100.0,6.1235946943119,212400.0
967,1987-02-02,34.0,35.12,34.0,35.0,47100.0,6.2576880087859,188400.0
968,1987-02-03,34.88,36.38,34.75,35.75,106500.0,6.391781323259901,426000.0
969,1987-02-04,35.62,36.62,35.62,36.5,67000.0,6.5258746377339,268000.0
970,1987-02-05,36.38,37.0,36.25,36.62,113600.0,6.5473295680497,454400.0
971,1987-02-06,36.38,36.5,36.12,36.12,48100.0,6.4579340250670985,192400.0
972,1987-02-09,36.0,36.25,34.62,34.62,102300.0,6.1897473961191,409200.0
973,1987-02-10,34.25,35.38,34.0,35.38,123400.0,6.3256286214527,493600.0
974,1987-02-11,35.62,36.75,35.62,36.5,60100.0,6.5258746377339,240400.0
975,1987-02-12,36.5,37.38,36.25,36.5,132900.0,6.5258746377339,531600.0
976,1987-02-13,36.25,36.75,36.25,36.5,102800.0,6.5258746377339,411200.0
977,1987-02-17,36.25,36.75,36.0,36.0,83500.0,6.436479094751201,334000.0
978,1987-02-18,36.0,36.62,36.0,36.38,101400.0,6.504419707417999,405600.0
979,1987-02-19,36.5,38.62,36.38,36.75,93900.0,6.570572409225202,375600.0
980,1987-02-20,36.5,36.5,36.12,36.25,63200.0,6.4811768662426,252800.0
981,1987-02-23,36.25,36.25,35.0,35.62,48400.0,6.368538482084402,193600.0
982,1987-02-24,35.5,35.5,35.38,35.38,26800.0,6.3256286214527,107200.0
983,1987-02-25,35.62,35.88,35.12,35.5,28400.0,6.3470835517686,113600.0
984,1987-02-26,35.25,35.25,34.62,34.62,19000.0,6.1897473961191,76000.0
985,1987-02-27,35.0,35.12,34.62,34.88,46600.0,6.2362330784701,186400.0
986,1987-03-02,34.75,34.88,34.25,34.38,29900.0,6.1468375354874,119600.0
987,1987-03-03,34.38,34.5,34.25,34.38,53000.0,6.1468375354874,212000.0
988,1987-03-04,34.25,34.88,34.0,34.75,186200.0,6.2129902372946,744800.0
989,1987-03-05,35.0,35.25,34.62,34.62,35500.0,6.1897473961191,142000.0
990,1987-03-06,34.88,34.88,34.0,34.12,26400.0,6.1003518531364,105600.0
991,1987-03-09,34.25,34.25,33.5,33.62,64600.0,6.010956310153801,258400.0
992,1987-03-10,33.62,34.0,33.5,33.75,101100.0,6.034199151329299,404400.0
993,1987-03-11,33.75,34.0,33.62,33.75,35400.0,6.034199151329299,141600.0
994,1987-03-12,33.75,34.62,33.75,34.25,33100.0,6.1235946943119,132400.0
995,1987-03-13,34.25,34.75,34.12,34.25,41100.0,6.1235946943119,164400.0
996,1987-03-16,34.0,34.12,33.75,34.12,26500.0,6.1003518531364,106000.0
997,1987-03-17,34.0,35.12,34.0,35.12,47800.0,6.279142939101701,191200.0
998,1987-03-18,35.25,35.38,34.12,34.12,41200.0,6.1003518531364,164800.0
999,1987-03-19,34.38,34.5,34.12,34.5,25000.0,6.1682924658033,100000.0
1000,1987-03-20,34.5,34.88,34.12,34.88,75600.0,6.2362330784701,302400.0
1001,1987-03-23,35.0,35.88,34.88,35.5,53700.0,6.3470835517686,214800.0
1002,1987-03-24,35.5,35.62,34.75,35.12,51600.0,6.279142939101701,206400.0
1003,1987-03-25,35.38,35.38,34.88,35.25,68400.0,6.302385780277199,273600.0
1004,1987-03-26,35.25,35.62,35.25,35.38,60000.0,6.3256286214527,240000.0
1005,1987-03-27,35.25,35.38,34.0,34.12,41700.0,6.1003518531364,166800.0
1006,1987-03-30,33.62,34.0,32.5,33.0,73500.0,5.9001058368553,294000.0
1007,1987-03-31,32.88,33.62,32.88,33.25,36300.0,5.944803608346598,145200.0
1008,1987-04-01,33.0,33.5,32.75,33.38,36200.0,5.9680464495221,144800.0
1009,1987-04-02,33.25,33.38,32.75,32.88,41300.0,5.8786509065395,165200.0
1010,1987-04-03,32.62,33.75,32.38,33.5,55700.0,5.9895013798379,222800.0
1011,1987-04-06,33.62,34.5,33.62,34.25,25500.0,6.1235946943119,102000.0
1012,1987-04-07,34.5,34.88,34.12,34.12,50800.0,6.1003518531364,203200.0
1013,1987-04-08,34.0,34.62,34.0,34.25,46900.0,6.1235946943119,187600.0
1014,1987-04-09,34.0,34.25,33.62,33.62,19500.0,6.010956310153801,78000.0
1015,1987-04-10,34.0,34.25,33.0,34.0,84600.0,6.0851546108294,338400.0
1016,1987-04-13,34.25,34.38,33.75,33.75,46300.0,6.0404108269262,185200.0
1017,1987-04-14,33.5,33.5,32.38,32.5,47400.0,5.8166919074104,189600.0
1018,1987-04-15,32.5,33.0,32.25,32.62,40400.0,5.838168923684,161600.0
1019,1987-04-16,32.88,33.25,32.0,32.12,28200.0,5.7486813558776,112800.0
1020,1987-04-20,32.0,32.12,31.0,31.5,55300.0,5.6377167717978,221200.0
1021,1987-04-21,31.62,32.0,31.38,31.88,55100.0,5.705727323330599,220400.0
1022,1987-04-22,31.88,31.88,30.25,30.38,36300.0,5.4372646199117005,145200.0
1023,1987-04-23,30.62,31.38,30.5,30.75,43400.0,5.5034854200883,173600.0
1024,1987-04-24,30.5,30.75,29.62,30.5,54700.0,5.4587416361852,218800.0
1025,1987-04-27,30.25,31.88,30.0,31.0,56100.0,5.5482292039915,224400.0
1026,1987-04-28,30.88,32.0,30.75,31.38,45400.0,5.6162397555243,181600.0
1027,1987-04-29,31.38,32.25,31.12,31.38,61100.0,5.6162397555243,244400.0
1028,1987-04-30,31.38,32.88,31.38,32.88,48800.0,5.8847024589432,195200.0
1029,1987-05-01,32.62,33.25,32.12,32.25,46800.0,5.7719481235073,187200.0
1030,1987-05-04,32.25,32.75,32.0,32.62,76400.0,5.838168923684,305600.0
1031,1987-05-05,32.62,33.62,32.62,33.5,77900.0,5.9956670430231,311600.0
1032,1987-05-06,33.75,34.88,33.75,33.88,160000.0,6.0636775945559,640000.0
1033,1987-05-07,33.62,33.75,33.12,33.12,23900.0,5.9276564914903,95600.0
1034,1987-05-08,32.62,33.25,32.62,33.12,71300.0,5.9276564914903,285200.0
1035,1987-05-11,33.12,34.25,33.0,33.0,44900.0,5.9061794752168,179600.0
1036,1987-05-12,33.0,34.0,33.0,34.0,14200.0,6.0851546108294,56800.0
1037,1987-05-13,33.75,34.12,32.5,33.38,35900.0,5.9741900267496,143600.0
1038,1987-05-14,33.12,33.5,32.75,33.5,27500.0,5.9956670430231,110000.0
1039,1987-05-15,33.12,33.25,32.5,32.75,31700.0,5.8614356913135985,126800.0
1040,1987-05-18,32.75,32.88,32.12,32.62,35500.0,5.838168923684,142000.0
1041,1987-05-19,32.5,32.5,32.12,32.25,24200.0,5.7719481235073,96800.0
1042,1987-05-20,32.0,32.12,31.12,31.25,176300.0,5.592972987894701,705200.0
1043,1987-05-21,31.25,32.12,31.0,31.0,31900.0,5.5482292039915,127600.0
1044,1987-05-22,30.62,31.12,30.38,31.12,47300.0,5.569706220265,189200.0
1045,1987-05-26,31.38,32.88,31.38,32.88,36000.0,5.8847024589432,144000.0
1046,1987-05-27,33.0,33.0,31.75,31.88,33300.0,5.705727323330599,133200.0
1047,1987-05-28,31.88,32.62,31.75,32.62,58700.0,5.838168923684,234800.0
1048,1987-05-29,32.75,32.75,31.75,32.0,36400.0,5.7272043396041,145600.0
1049,1987-06-01,31.88,32.75,31.88,32.25,48000.0,5.7719481235073,192000.0
1050,1987-06-02,32.0,32.75,32.0,32.0,49900.0,5.7272043396041,199600.0
1051,1987-06-03,31.75,32.75,31.75,32.5,42300.0,5.8166919074104,169200.0
1052,1987-06-04,32.38,32.62,32.25,32.5,45400.0,5.8166919074104,181600.0
1053,1987-06-05,32.38,32.5,32.0,32.0,21200.0,5.7272043396041,84800.0
1054,1987-06-08,31.75,32.5,31.38,32.25,40300.0,5.7719481235073,161200.0
1055,1987-06-09,32.12,32.62,32.0,32.62,32500.0,5.838168923684,130000.0
1056,1987-06-10,32.5,33.38,32.5,32.5,152700.0,5.8166919074104,610800.0
1057,1987-06-11,32.5,33.0,32.5,33.0,16400.0,5.9061794752168,65600.0
1058,1987-06-12,33.25,34.0,33.25,34.0,44400.0,6.0851546108294,177600.0
1059,1987-06-15,34.25,34.75,34.12,34.25,52900.0,6.129898394732502,211600.0
1060,1987-06-16,34.38,34.88,34.12,34.75,68300.0,6.2193859625389,273200.0
1061,1987-06-17,34.62,34.88,34.38,34.38,44300.0,6.1531651623622,177200.0
1062,1987-06-18,34.62,34.88,34.5,34.75,24600.0,6.2193859625389,98400.0
1063,1987-06-19,34.88,35.25,34.75,35.0,128900.0,6.2641297464419985,515600.0
1064,1987-06-22,35.0,35.0,34.25,34.5,53600.0,6.1746421786357,214400.0
1065,1987-06-23,34.25,34.5,33.75,34.5,46100.0,6.1746421786357,184400.0
1066,1987-06-24,34.62,34.75,33.88,34.0,34100.0,6.0851546108294,136400.0
1067,1987-06-25,33.88,34.75,33.88,34.5,26800.0,6.1746421786357,107200.0
1068,1987-06-26,34.25,34.75,34.12,34.62,26200.0,6.1961191949092,104800.0
1069,1987-06-29,34.62,34.75,34.25,34.5,21200.0,6.1746421786357,84800.0
1070,1987-06-30,34.62,34.75,34.25,34.5,42700.0,6.1746421786357,170800.0
1071,1987-07-01,34.25,34.38,33.75,34.38,29700.0,6.1531651623622,118800.0
1072,1987-07-02,34.38,35.62,34.38,35.5,106100.0,6.353617314248298,424400.0
1073,1987-07-06,35.62,35.75,34.88,34.88,40300.0,6.2426527301685,161200.0
1074,1987-07-07,35.0,35.0,34.88,35.0,25800.0,6.2641297464419985,103200.0
1075,1987-07-08,35.0,35.12,34.5,34.75,45400.0,6.2193859625389,181600.0
1076,1987-07-09,34.88,34.88,34.5,34.5,23500.0,6.1746421786357,94000.0
1077,1987-07-10,34.62,34.88,34.62,34.62,20900.0,6.1961191949092,83600.0
1078,1987-07-13,34.5,34.88,33.75,34.88,27500.0,6.2426527301685,110000.0
1079,1987-07-14,34.88,35.25,34.88,35.0,56400.0,6.2641297464419985,225600.0
1080,1987-07-15,35.0,35.0,34.5,34.5,24300.0,6.1746421786357,97200.0
1081,1987-07-16,34.75,34.88,34.25,34.75,89800.0,6.2193859625389,359200.0
1082,1987-07-17,34.5,34.75,34.0,34.25,30200.0,6.129898394732502,120800.0
1083,1987-07-20,34.25,34.5,33.75,34.25,75800.0,6.136162524479,303200.0
1084,1987-07-21,34.38,34.88,34.25,34.75,24200.0,6.2257415394349005,96800.0
1085,1987-07-22,34.62,35.0,34.62,35.0,16400.0,6.2705310469128,65600.0
1086,1987-07-23,35.5,35.75,34.88,34.88,39800.0,6.2490320833234,159200.0
1087,1987-07-24,35.0,35.0,34.88,34.88,11800.0,6.2490320833234,47200.0
1088,1987-07-27,34.88,34.88,34.25,34.38,73000.0,6.1594530683675,292000.0
1089,1987-07-28,34.38,35.0,34.12,35.0,36000.0,6.2705310469128,144000.0
1090,1987-07-29,35.12,36.75,35.12,36.62,170700.0,6.560767055369902,682800.0
1091,1987-07-30,36.5,37.12,36.38,37.12,202300.0,6.6503460703258,809200.0
1092,1987-07-31,37.12,37.88,37.12,37.12,118100.0,6.6503460703258,472400.0
1093,1987-08-03,36.88,37.38,36.62,37.25,80300.0,6.6736366142144,321200.0
1094,1987-08-04,37.25,37.75,37.12,37.38,48900.0,6.696927158102901,195600.0
1095,1987-08-05,37.62,37.88,37.38,37.75,142700.0,6.7632156291703,570800.0
1096,1987-08-06,37.62,39.0,37.62,39.0,196200.0,6.98716316656,784800.0
1097,1987-08-07,38.5,39.62,38.5,39.5,168500.0,7.0767421815159,674000.0
1098,1987-08-10,39.5,40.0,39.38,39.75,140000.0,7.1215316889939,560000.0
1099,1987-08-11,39.5,39.88,39.38,39.62,164400.0,7.0982411451053,657600.0
1100,1987-08-12,39.25,39.75,38.38,38.88,102000.0,6.9656642029706,408000.0
1101,1987-08-13,38.88,39.62,38.75,39.62,68500.0,7.0982411451053,274000.0
1102,1987-08-14,39.38,39.88,39.25,39.62,29400.0,7.0982411451053,117600.0
1103,1987-08-17,39.38,39.88,39.38,39.62,34600.0,7.0982411451053,138400.0
1104,1987-08-18,39.38,39.38,38.5,39.38,45700.0,7.0552432179265,182800.0
1105,1987-08-19,39.12,39.12,38.0,38.75,60100.0,6.942373659082099,240400.0
1106,1987-08-20,38.75,39.75,38.75,39.5,57600.0,7.0767421815159,230400.0
1107,1987-08-21,39.25,39.5,39.0,39.5,34700.0,7.0767421815159,138800.0
1108,1987-08-24,39.25,39.5,39.0,39.0,33300.0,6.98716316656,133200.0
1109,1987-08-25,39.0,40.0,38.88,40.0,106900.0,7.1663211964718,427600.0
1110,1987-08-26,40.0,40.5,39.38,40.0,60200.0,7.1663211964718,240800.0
1111,1987-08-27,39.75,39.75,38.0,38.0,80300.0,6.808005136648201,321200.0
1112,1987-08-28,38.25,38.88,38.12,38.88,82300.0,6.9656642029706,329200.0
1113,1987-08-31,39.12,40.25,39.0,40.0,69800.0,7.1663211964718,279200.0
1114,1987-09-01,39.75,41.75,39.75,40.62,161800.0,7.2773991750170985,647200.0
1115,1987-09-02,40.62,41.75,40.5,41.62,162600.0,7.4565572049289,650400.0
1116,1987-09-03,41.75,42.25,41.12,41.75,124200.0,7.479847748817401,496800.0
1117,1987-09-04,41.88,42.0,41.12,41.12,59000.0,7.366978189973,236000.0
1118,1987-09-08,41.0,41.0,39.62,40.0,114300.0,7.1663211964718,457200.0
1119,1987-09-09,39.75,40.38,39.62,40.0,88300.0,7.1663211964718,353200.0
1120,1987-09-10,40.25,40.88,40.12,40.75,44000.0,7.3006897189057,176000.0
1121,1987-09-11,40.88,41.75,40.88,41.5,46900.0,7.4350582413395,187600.0
1122,1987-09-14,41.0,41.5,40.62,41.25,52500.0,7.3902687338615,210000.0
1123,1987-09-15,41.0,41.0,40.38,40.5,28400.0,7.255900211427702,113600.0
1124,1987-09-16,40.25,40.75,40.12,40.38,71200.0,7.234401247838299,284800.0
1125,1987-09-17,40.62,40.62,40.12,40.62,13400.0,7.2773991750170985,53600.0
1126,1987-09-18,40.88,41.0,40.5,40.5,56600.0,7.255900211427702,226400.0
1127,1987-09-21,40.62,41.0,40.0,40.0,154500.0,7.1663211964718,618000.0
1128,1987-09-22,40.25,40.62,39.88,40.62,172800.0,7.2773991750170985,691200.0
1129,1987-09-23,40.62,41.12,40.0,40.25,66800.0,7.211110703949799,267200.0
1130,1987-09-24,40.38,41.5,40.12,41.12,58200.0,7.366978189973,232800.0
1131,1987-09-25,41.25,41.75,41.12,41.5,43500.0,7.4350582413395,174000.0
1132,1987-09-28,41.88,43.0,41.62,41.62,96900.0,7.4565572049289,387600.0
1133,1987-09-29,41.38,42.5,41.12,41.75,52000.0,7.479847748817401,208000.0
1134,1987-09-30,41.88,41.88,41.5,41.75,34100.0,7.479847748817401,136400.0
1135,1987-10-01,41.75,44.38,41.75,43.75,89000.0,7.838163808641,356000.0
1136,1987-10-02,44.0,45.12,44.0,44.75,146300.0,8.0173218385528,585200.0
1137,1987-10-05,44.5,44.5,43.62,44.12,30800.0,7.904452279708401,123200.0
1138,1987-10-06,43.88,44.25,43.38,44.25,69400.0,7.9277428235969,277600.0
1139,1987-10-07,44.0,44.0,43.25,43.88,113200.0,7.861454352529599,452800.0
1140,1987-10-08,43.75,43.75,43.0,43.0,97500.0,7.7037952862072,390000.0
1141,1987-10-09,43.0,43.25,42.75,42.75,75200.0,7.659005778729202,300800.0
1142,1987-10-12,42.62,42.62,41.75,41.75,154400.0,7.479847748817401,617600.0
1143,1987-10-13,42.0,42.38,41.75,42.38,40700.0,7.592717307661902,162800.0
1144,1987-10-14,42.12,42.12,41.25,41.5,49500.0,7.4350582413395,198000.0
1145,1987-10-15,41.0,41.0,40.12,40.12,105500.0,7.187820160061199,422000.0
1146,1987-10-16,40.0,40.0,38.75,38.88,212700.0,6.9656642029706,850800.0
1147,1987-10-19,33.62,38.25,33.5,33.62,411800.0,6.029563496681499,1647200.0
1148,1987-10-20,33.38,34.5,27.0,31.25,146200.0,5.6045169325192,584800.0
1149,1987-10-21,31.75,35.0,31.75,34.62,116400.0,6.2089080385220985,465600.0
1150,1987-10-22,33.62,35.75,32.0,34.25,103600.0,6.1425505580411,414400.0
1151,1987-10-23,33.5,35.0,33.0,34.38,150000.0,6.1658653484803,600000.0
1152,1987-10-26,33.0,33.0,30.5,30.5,129400.0,5.4700085261387015,517600.0
1153,1987-10-27,31.25,32.0,30.75,31.38,61200.0,5.627831722958501,244800.0
1154,1987-10-28,31.0,31.25,30.25,30.75,250600.0,5.5148446615989,1002400.0
1155,1987-10-29,30.75,31.5,30.5,31.25,99800.0,5.6045169325192,399200.0
1156,1987-10-30,31.5,33.25,31.5,32.75,61500.0,5.8735337452801,246000.0
1157,1987-11-02,33.0,33.38,32.88,33.38,34500.0,5.9865208066397,138000.0
1158,1987-11-03,33.12,33.38,32.75,33.38,155700.0,5.9865208066397,622800.0
1159,1987-11-04,33.5,33.5,32.75,33.38,35800.0,5.9865208066397,143200.0
1160,1987-11-05,33.12,35.88,33.12,34.75,101900.0,6.232222828961401,407600.0
1161,1987-11-06,35.12,35.75,35.0,35.25,47800.0,6.3218950998817,191200.0
1162,1987-11-09,35.0,35.0,33.5,34.75,70700.0,6.232222828961401,282800.0
1163,1987-11-10,33.75,34.38,33.62,33.88,164000.0,6.07619307756,656000.0
1164,1987-11-11,34.12,34.38,33.0,33.5,134600.0,6.008042151660598,538400.0
1165,1987-11-12,34.0,34.75,34.0,34.5,186400.0,6.1873866935012005,745600.0
1166,1987-11-13,34.38,34.62,34.38,34.38,74000.0,6.1658653484803,296000.0
1167,1987-11-16,34.5,34.62,34.25,34.25,79800.0,6.1425505580411,319200.0
1168,1987-11-17,34.12,34.25,33.5,34.0,180600.0,6.0977144225809,722400.0
1169,1987-11-18,34.25,34.38,33.75,34.38,34000.0,6.1658653484803,136000.0
1170,1987-11-19,34.12,34.62,34.12,34.12,54600.0,6.1192357676018,218400.0
1171,1987-11-20,34.12,34.5,34.0,34.38,45400.0,6.1658653484803,181600.0
1172,1987-11-23,34.12,34.5,34.12,34.5,16000.0,6.1873866935012005,64000.0
1173,1987-11-24,34.5,34.88,34.5,34.5,34300.0,6.1873866935012005,137200.0
1174,1987-11-25,34.38,34.75,34.38,34.75,17400.0,6.232222828961401,69600.0
1175,1987-11-27,34.5,34.62,34.12,34.12,16400.0,6.1192357676018,65600.0
1176,1987-11-30,33.75,33.75,33.0,33.62,72700.0,6.029563496681499,290800.0
1177,1987-12-01,33.62,34.38,33.62,34.25,36500.0,6.1425505580411,146000.0
1178,1987-12-02,34.25,34.25,34.0,34.25,140400.0,6.1425505580411,561600.0
1179,1987-12-03,34.0,34.0,33.5,33.5,216100.0,6.008042151660598,864400.0
1180,1987-12-04,33.0,33.0,32.38,33.0,60600.0,5.9183698807403,242400.0
1181,1987-12-07,33.0,34.12,32.75,34.0,45500.0,6.0977144225809,182000.0
1182,1987-12-08,34.25,35.0,34.0,35.0,50200.0,6.2770589644215,200800.0
1183,1987-12-09,34.75,35.0,34.5,34.62,96900.0,6.2089080385220985,387600.0
1184,1987-12-10,34.25,34.88,34.0,34.12,36100.0,6.1192357676018,144400.0
1185,1987-12-11,34.12,34.62,34.12,34.62,32900.0,6.2089080385220985,131600.0
1186,1987-12-14,34.5,34.88,34.38,34.5,64300.0,6.1873866935012005,257200.0
1187,1987-12-15,34.75,35.25,34.5,34.75,129700.0,6.232222828961401,518800.0
1188,1987-12-16,34.5,34.88,34.25,34.88,141300.0,6.2555376194006005,565200.0
1189,1987-12-17,34.88,34.88,34.25,34.38,82600.0,6.1658653484803,330400.0
1190,1987-12-18,35.38,35.38,34.5,34.75,116000.0,6.232222828961401,464000.0
1191,1987-12-21,34.5,34.88,34.25,34.25,14700.0,6.1425505580411,58800.0
1192,1987-12-22,34.38,34.38,33.12,34.12,37300.0,6.1192357676018,149200.0
1193,1987-12-23,34.25,34.38,34.12,34.38,19700.0,6.1658653484803,78800.0
1194,1987-12-24,34.25,34.38,34.0,34.12,18200.0,6.1192357676018,72800.0
1195,1987-12-28,34.0,34.12,33.12,34.0,17700.0,6.0977144225809,70800.0
1196,1987-12-29,33.75,33.75,33.0,33.25,25800.0,5.9632060162004015,103200.0
1197,1987-12-30,33.12,33.88,33.0,33.0,37700.0,5.9183698807403,150800.0
1198,1987-12-31,33.0,33.62,32.88,33.25,45000.0,5.9632060162004015,180000.0
1199,1988-01-04,33.5,34.0,33.5,33.75,36300.0,6.0528782871207,145200.0
1200,1988-01-05,34.0,34.12,33.5,33.88,31300.0,6.07619307756,125200.0
1201,1988-01-06,33.5,34.12,33.5,34.0,37000.0,6.0977144225809,148000.0
1202,1988-01-07,34.0,35.0,33.75,35.0,31900.0,6.2770589644215,127600.0
1203,1988-01-08,34.75,34.88,32.0,32.0,50500.0,5.739025338899701,202000.0
1204,1988-01-11,32.25,32.75,31.0,31.25,124200.0,5.6045169325192,496800.0
1205,1988-01-12,31.0,32.25,30.5,31.25,46900.0,5.6045169325192,187600.0
1206,1988-01-13,31.25,31.25,30.62,31.0,31300.0,5.5596807970591,125200.0
1207,1988-01-14,31.12,32.0,30.88,31.75,99800.0,5.6941892034395005,399200.0
1208,1988-01-15,31.88,32.5,31.88,32.38,60700.0,5.8139016851181,242800.0
1209,1988-01-18,32.62,32.62,32.25,32.5,19400.0,5.8354479544885,77600.0
1210,1988-01-19,32.62,32.75,31.38,31.62,65500.0,5.6774419791055,262000.0
1211,1988-01-20,31.5,31.62,30.5,30.62,40600.0,5.497889734352,162400.0
1212,1988-01-21,30.88,31.0,30.5,30.88,28800.0,5.544573317987901,115200.0
1213,1988-01-22,31.12,31.25,31.0,31.12,22900.0,5.587665856728702,91600.0
1214,1988-01-25,31.25,32.88,31.12,32.5,61400.0,5.8354479544885,245600.0
1215,1988-01-26,32.5,32.62,32.12,32.38,23600.0,5.8139016851181,94400.0
1216,1988-01-27,32.62,33.38,32.38,32.88,63300.0,5.9036778074949,253200.0
1217,1988-01-28,32.62,33.38,32.5,33.38,40900.0,5.9934539298716,163600.0
1218,1988-01-29,33.75,34.25,33.38,34.25,49400.0,6.1496643828072,197600.0
1219,1988-02-01,34.25,34.88,34.12,34.25,54700.0,6.1496643828072,218800.0
1220,1988-02-02,34.12,34.62,34.12,34.62,68000.0,6.216098713366,272000.0
1221,1988-02-03,34.62,35.38,34.5,35.0,54400.0,6.2843285663723005,217600.0
1222,1988-02-04,34.75,35.12,34.38,34.5,19100.0,6.1945524439955,76400.0
1223,1988-02-05,34.62,34.75,34.38,34.38,7400.0,6.1730061746251,29600.0
1224,1988-02-08,34.25,34.25,33.5,34.12,34500.0,6.1263225909892,138000.0
1225,1988-02-09,34.25,34.75,34.25,34.75,30900.0,6.239440505183902,123600.0
1226,1988-02-10,34.62,35.38,34.62,35.38,53900.0,6.3525584193786,215600.0
1227,1988-02-11,35.38,35.75,35.25,35.5,66600.0,6.374104688749,266400.0
1228,1988-02-12,35.5,35.88,35.5,35.62,33300.0,6.3956509581194005,133200.0
1229,1988-02-16,35.5,35.62,35.12,35.62,15900.0,6.3956509581194005,63600.0
1230,1988-02-17,35.88,36.12,35.5,35.62,45000.0,6.3956509581194005,180000.0
1231,1988-02-18,35.75,35.88,35.38,35.62,22300.0,6.3956509581194005,89200.0
1232,1988-02-19,35.5,36.0,35.38,36.0,29100.0,6.463880811125799,116400.0
1233,1988-02-22,36.12,37.0,36.0,37.0,44800.0,6.643433055879298,179200.0
1234,1988-02-23,37.25,37.75,37.0,37.75,41300.0,6.7780972394444,165200.0
1235,1988-02-24,37.5,37.75,37.25,37.25,32000.0,6.6883211170675985,128000.0
1236,1988-02-25,37.25,38.25,36.88,36.88,33100.0,6.6218867865087985,132400.0
1237,1988-02-26,37.0,37.5,37.0,37.38,12800.0,6.711662908885598,51200.0
1238,1988-02-29,37.38,38.38,37.38,38.38,36200.0,6.8912151536391,144800.0
1239,1988-03-01,38.62,39.0,37.5,37.62,30700.0,6.7547554476264,122800.0
1240,1988-03-02,37.88,38.12,37.38,37.5,51800.0,6.7332091782560015,207200.0
1241,1988-03-03,37.75,37.75,37.0,37.12,119600.0,6.664979325249702,478400.0
1242,1988-03-04,37.38,37.38,36.25,36.5,109500.0,6.5536569335025,438000.0
1243,1988-03-07,36.38,36.5,36.25,36.25,48900.0,6.508768872314099,195600.0
1244,1988-03-08,36.5,37.62,36.5,37.38,31300.0,6.711662908885598,125200.0
1245,1988-03-09,37.62,37.75,37.12,37.12,29300.0,6.664979325249702,117200.0
1246,1988-03-10,37.0,37.12,36.25,36.25,75200.0,6.508768872314099,300800.0
1247,1988-03-11,36.5,36.5,35.62,36.0,55500.0,6.463880811125799,222000.0
1248,1988-03-14,36.25,36.62,36.12,36.5,13900.0,6.5536569335025,55600.0
1249,1988-03-15,36.75,37.12,36.38,37.0,39700.0,6.643433055879298,158800.0
1250,1988-03-16,37.0,37.0,36.38,36.5,24500.0,6.5536569335025,98000.0
1251,1988-03-17,36.25,36.88,36.25,36.75,54800.0,6.5985449946909,219200.0
1252,1988-03-18,36.75,36.88,36.12,36.38,78700.0,6.532110664132099,314800.0
1253,1988-03-21,36.12,36.38,36.12,36.25,35500.0,6.508768872314099,142000.0
1254,1988-03-22,36.5,36.62,36.38,36.5,17700.0,6.5536569335025,70800.0
1255,1988-03-23,36.75,38.0,36.75,37.25,59200.0,6.6883211170675985,236800.0
1256,1988-03-24,37.0,37.0,36.5,36.88,63500.0,6.6218867865087985,254000.0
1257,1988-03-25,36.88,37.12,36.5,36.75,100000.0,6.5985449946909,400000.0
1258,1988-03-28,36.62,36.62,36.12,36.25,69800.0,6.508768872314099,279200.0
1259,1988-03-29,36.5,37.75,36.5,37.75,57600.0,6.7780972394444,230400.0
1260,1988-03-30,37.75,37.75,37.0,37.0,78300.0,6.643433055879298,313200.0
1261,1988-03-31,36.75,36.88,36.62,36.88,51800.0,6.6218867865087985,207200.0
1262,1988-04-04,36.88,36.88,36.0,36.12,56700.0,6.4854270804962,226800.0
1263,1988-04-05,36.12,36.38,36.0,36.25,23500.0,6.508768872314099,94000.0
1264,1988-04-06,36.25,36.5,36.0,36.38,93000.0,6.532110664132099,372000.0
1265,1988-04-07,36.62,37.62,36.5,37.25,128000.0,6.6883211170675985,512000.0
1266,1988-04-08,37.12,37.62,37.0,37.25,30200.0,6.6883211170675985,120800.0
1267,1988-04-11,37.12,37.5,37.12,37.25,21700.0,6.6883211170675985,86800.0
1268,1988-04-12,37.12,38.38,37.12,38.12,72200.0,6.844531570003201,288800.0
1269,1988-04-13,38.0,38.38,37.75,37.75,54000.0,6.7780972394444,216000.0
1270,1988-04-14,37.25,37.75,36.62,36.75,43200.0,6.5985449946909,172800.0
1271,1988-04-15,36.5,36.62,36.12,36.38,43700.0,6.532110664132099,174800.0
1272,1988-04-18,36.12,36.12,35.38,36.12,18500.0,6.4921602896744,74000.0
1273,1988-04-19,36.25,37.0,36.25,36.5,18300.0,6.5604609793222,73200.0
1274,1988-04-20,35.5,35.88,35.5,35.88,84800.0,6.4490230120022,339200.0
1275,1988-04-21,35.62,35.88,35.5,35.5,47600.0,6.3807223223545,190400.0
1276,1988-04-22,35.75,35.88,35.75,35.88,27900.0,6.4490230120022,111600.0
1277,1988-04-25,35.75,35.88,35.75,35.75,13200.0,6.425656986596402,52800.0
1278,1988-04-26,35.88,36.75,35.88,36.5,30400.0,6.5604609793222,121600.0
1279,1988-04-27,36.25,36.5,36.0,36.0,16600.0,6.4705916508383,66400.0
1280,1988-04-28,35.88,35.88,35.38,35.38,40100.0,6.3591536835183,160400.0
1281,1988-04-29,35.38,35.5,34.25,34.5,44400.0,6.2009836653867,177600.0
1282,1988-05-02,34.25,34.75,34.12,34.5,51200.0,6.2009836653867,204800.0
1283,1988-05-03,34.5,34.5,33.62,33.62,38600.0,6.0428136472551,154400.0
1284,1988-05-04,33.88,33.88,32.5,32.75,74800.0,5.886441015693199,299200.0
1285,1988-05-05,32.75,32.88,32.0,32.38,31500.0,5.8199377126151,126000.0
1286,1988-05-06,32.12,32.75,32.0,32.12,77800.0,5.773205661803499,311200.0
1287,1988-05-09,31.88,32.12,31.75,32.0,48300.0,5.751637022967402,193200.0
1288,1988-05-10,31.75,32.12,31.75,32.12,55600.0,5.773205661803499,222400.0
1289,1988-05-11,32.12,32.12,31.62,31.88,38200.0,5.730068384131299,152800.0
1290,1988-05-12,32.0,32.0,31.75,31.88,98800.0,5.730068384131299,395200.0
1291,1988-05-13,31.88,32.5,31.88,32.12,103300.0,5.773205661803499,413200.0
1292,1988-05-16,32.0,32.0,31.62,31.88,35500.0,5.730068384131299,142000.0
1293,1988-05-17,32.12,32.12,31.75,31.88,58400.0,5.730068384131299,233600.0
1294,1988-05-18,31.75,31.88,31.62,31.75,22500.0,5.7067023587255,90000.0
1295,1988-05-19,31.75,31.75,31.5,31.5,77200.0,5.661767694483499,308800.0
1296,1988-05-20,31.75,31.88,31.5,31.75,23200.0,5.7067023587255,92800.0
1297,1988-05-23,31.5,31.88,31.5,31.88,29500.0,5.730068384131299,118000.0
1298,1988-05-24,31.75,32.25,31.75,32.25,30800.0,5.7965716872092985,123200.0
1299,1988-05-25,32.12,32.62,32.0,32.12,36400.0,5.773205661803499,145600.0
1300,1988-05-26,32.0,32.38,31.88,31.88,40100.0,5.730068384131299,160400.0
1301,1988-05-27,32.0,32.0,31.62,31.62,12300.0,5.6833363333197,49200.0
1302,1988-05-31,31.75,31.88,31.62,31.75,62700.0,5.7067023587255,250800.0
1303,1988-06-01,31.75,31.75,31.5,31.62,78500.0,5.6833363333197,314000.0
1304,1988-06-02,31.62,31.75,31.5,31.62,29900.0,5.6833363333197,119600.0
1305,1988-06-03,31.5,31.62,31.0,31.25,137600.0,5.616833030241599,550400.0
1306,1988-06-06,31.5,31.62,31.38,31.62,43600.0,5.6833363333197,174400.0
1307,1988-06-07,31.88,31.88,31.62,31.75,53900.0,5.7067023587255,215600.0
1308,1988-06-08,31.75,33.25,31.75,33.0,79400.0,5.9313756799351,317600.0
1309,1988-06-09,32.88,34.0,32.88,33.62,60100.0,6.0428136472551,240400.0
1310,1988-06-10,33.62,33.88,33.25,33.25,43400.0,5.976310344177098,173600.0
1311,1988-06-13,33.0,33.62,33.0,33.5,29700.0,6.021245008419,118800.0
1312,1988-06-14,33.75,34.25,33.5,33.5,60800.0,6.021245008419,243200.0
1313,1988-06-15,33.5,33.5,32.25,32.75,129600.0,5.886441015693199,518400.0
1314,1988-06-16,32.5,32.75,32.25,32.38,16900.0,5.8199377126151,67600.0
1315,1988-06-17,32.5,32.62,32.0,32.0,72400.0,5.751637022967402,289600.0
1316,1988-06-20,32.25,32.5,32.0,32.38,13600.0,5.8199377126151,54400.0
1317,1988-06-21,32.62,33.0,32.25,33.0,48400.0,5.9313756799351,193600.0
1318,1988-06-22,33.12,33.25,33.0,33.25,84200.0,5.976310344177098,336800.0
1319,1988-06-23,33.5,33.5,33.0,33.25,67900.0,5.976310344177098,271600.0
1320,1988-06-24,33.25,33.38,32.88,32.88,59600.0,5.909807041099,238400.0
1321,1988-06-27,32.62,32.62,31.75,31.75,62100.0,5.7067023587255,248400.0
1322,1988-06-28,32.0,32.75,31.75,32.5,73700.0,5.841506351451301,294800.0
1323,1988-06-29,32.38,32.5,31.88,32.38,32300.0,5.8199377126151,129200.0
1324,1988-06-30,32.62,33.38,32.62,33.38,66500.0,5.9996763695828985,266000.0
1325,1988-07-01,33.25,33.75,33.25,33.38,21700.0,5.9996763695828985,86800.0
1326,1988-07-05,33.5,34.75,33.5,34.25,65400.0,6.1560490011448,261600.0
1327,1988-07-06,34.38,34.38,33.75,33.88,65000.0,6.089545698066701,260000.0
1328,1988-07-07,33.88,34.0,33.75,33.75,29400.0,6.0661796726609,117600.0
1329,1988-07-08,34.0,34.12,33.75,33.75,22300.0,6.0661796726609,89200.0
1330,1988-07-11,33.88,34.25,33.5,34.0,22700.0,6.111114336902901,90800.0
1331,1988-07-12,34.0,34.0,33.5,33.5,23600.0,6.021245008419,94400.0
1332,1988-07-13,33.5,34.12,33.5,33.88,53100.0,6.089545698066701,212400.0
1333,1988-07-14,33.88,34.38,33.62,33.62,19200.0,6.0428136472551,76800.0
1334,1988-07-15,33.62,33.88,33.5,33.75,29000.0,6.0661796726609,116000.0
1335,1988-07-18,33.38,33.38,33.12,33.25,22700.0,5.9830505438133,90800.0
1336,1988-07-19,33.38,33.75,33.38,33.38,41500.0,6.0064429218794,166000.0
1337,1988-07-20,33.5,33.62,33.38,33.5,21300.0,6.028035886248,85200.0
1338,1988-07-21,33.38,33.5,33.38,33.38,15700.0,6.0064429218794,62800.0
1339,1988-07-22,33.62,33.62,32.5,32.5,31500.0,5.848094516509299,126000.0
1340,1988-07-25,32.62,32.75,31.88,32.0,20100.0,5.7581238316399,80400.0
1341,1988-07-26,32.12,32.12,31.62,31.75,61400.0,5.713138489205201,245600.0
1342,1988-07-27,31.75,31.75,31.38,31.38,53300.0,5.646560182401902,213200.0
1343,1988-07-28,31.38,32.0,31.38,32.0,23400.0,5.7581238316399,93600.0
1344,1988-07-29,31.88,32.88,31.88,32.88,27800.0,5.91647223701,111200.0
1345,1988-08-01,32.75,32.88,32.38,32.62,7800.0,5.8696874808779,31200.0
1346,1988-08-02,32.5,32.75,31.88,32.5,21000.0,5.848094516509299,84000.0
1347,1988-08-03,32.5,32.75,32.38,32.62,44100.0,5.8696874808779,176400.0
1348,1988-08-04,32.62,32.75,32.25,32.5,19000.0,5.848094516509299,76000.0
1349,1988-08-05,32.38,32.62,32.25,32.5,8300.0,5.848094516509299,33200.0
1350,1988-08-08,32.38,32.62,31.25,31.25,22400.0,5.6231678043359015,89600.0
1351,1988-08-09,31.12,31.38,30.5,30.62,65800.0,5.5098047414004006,263200.0
1352,1988-08-10,30.5,30.5,30.12,30.25,27500.0,5.4432264345971,110000.0
1353,1988-08-11,30.0,30.88,30.0,30.62,77000.0,5.5098047414004006,308000.0
1354,1988-08-12,30.75,31.0,30.5,31.0,21800.0,5.5781824619012,87200.0
1355,1988-08-15,31.0,31.0,30.5,30.5,16000.0,5.4882117770318,64000.0
1356,1988-08-16,30.25,30.88,30.25,30.62,18100.0,5.5098047414004006,72400.0
1357,1988-08-17,30.5,30.88,30.5,30.88,13100.0,5.5565894975325,52400.0
1358,1988-08-18,30.75,31.25,30.75,31.0,91700.0,5.5781824619012,366800.0
1359,1988-08-19,31.0,31.12,30.88,30.88,28400.0,5.5565894975325,113600.0
1360,1988-08-22,30.88,31.12,30.88,31.0,11700.0,5.5781824619012,46800.0
1361,1988-08-23,31.0,31.0,30.38,30.38,37000.0,5.4666188126631,148000.0
1362,1988-08-24,30.25,30.62,30.0,30.38,114600.0,5.4666188126631,458400.0
1363,1988-08-25,30.25,30.25,29.88,30.12,32900.0,5.419834056531099,131600.0
1364,1988-08-26,30.12,30.38,30.12,30.25,24400.0,5.4432264345971,97600.0
1365,1988-08-29,30.5,30.75,30.5,30.5,17300.0,5.4882117770318,69200.0
1366,1988-08-30,30.5,30.62,30.38,30.5,12700.0,5.4882117770318,50800.0
1367,1988-08-31,30.75,30.75,30.25,30.25,12800.0,5.4432264345971,51200.0
1368,1988-09-01,30.38,30.38,29.5,29.88,42300.0,5.3766481277938,169200.0
1369,1988-09-02,30.0,30.12,29.88,30.0,75000.0,5.398241092162402,300000.0
1370,1988-09-06,29.88,30.25,29.75,30.25,47500.0,5.4432264345971,190000.0
1371,1988-09-07,30.38,30.75,30.25,30.62,22000.0,5.5098047414004006,88000.0
1372,1988-09-08,30.5,30.5,30.0,30.38,20600.0,5.4666188126631,82400.0
1373,1988-09-09,30.25,30.38,30.0,30.12,18700.0,5.419834056531099,74800.0
1374,1988-09-12,30.25,30.38,30.0,30.12,38700.0,5.419834056531099,154800.0
1375,1988-09-13,30.12,30.38,30.0,30.38,39100.0,5.4666188126631,156400.0
1376,1988-09-14,30.25,30.88,29.88,30.88,56100.0,5.5565894975325,224400.0
1377,1988-09-15,30.62,30.75,30.5,30.5,36600.0,5.4882117770318,146400.0
1378,1988-09-16,30.0,30.62,30.0,30.62,44600.0,5.5098047414004006,178400.0
1379,1988-09-19,30.62,30.88,30.5,30.75,47300.0,5.5331971194665,189200.0
1380,1988-09-20,30.75,31.0,30.38,30.88,50200.0,5.5565894975325,200800.0
1381,1988-09-21,31.0,31.38,30.88,31.0,74200.0,5.5781824619012,296800.0
1382,1988-09-22,31.0,31.0,30.62,30.75,29100.0,5.5331971194665,116400.0
1383,1988-09-23,30.62,30.88,30.38,30.75,14000.0,5.5331971194665,56000.0
1384,1988-09-26,30.5,30.88,30.25,30.75,18500.0,5.5331971194665,74000.0
1385,1988-09-27,30.88,31.0,30.75,31.0,15800.0,5.5781824619012,63200.0
1386,1988-09-28,31.12,31.12,30.75,31.0,27100.0,5.5781824619012,108400.0
1387,1988-09-29,30.75,31.75,30.75,31.75,72500.0,5.713138489205201,290000.0
1388,1988-09-30,31.75,33.0,31.75,32.5,89300.0,5.848094516509299,357200.0
1389,1988-10-03,32.75,32.88,32.62,32.88,25400.0,5.91647223701,101600.0
1390,1988-10-04,32.88,32.88,32.5,32.62,15400.0,5.8696874808779,61600.0
1391,1988-10-05,32.88,32.88,32.5,32.75,11900.0,5.893079858944,47600.0
1392,1988-10-06,32.75,32.88,32.25,32.5,32900.0,5.848094516509299,131600.0
1393,1988-10-07,32.62,32.75,32.25,32.5,84500.0,5.848094516509299,338000.0
1394,1988-10-10,32.38,32.75,32.0,32.62,28500.0,5.8696874808779,114000.0
1395,1988-10-11,32.75,33.62,32.62,33.62,91700.0,6.049628850616701,366800.0
1396,1988-10-12,33.62,33.62,33.12,33.12,25700.0,5.9596581657473005,102800.0
1397,1988-10-13,33.12,33.5,33.0,33.25,32100.0,5.9830505438133,128400.0
1398,1988-10-14,33.5,33.5,32.25,32.5,65300.0,5.848094516509299,261200.0
1399,1988-10-17,32.38,32.62,32.25,32.5,18800.0,5.848094516509299,75200.0
1400,1988-10-18,32.5,32.75,32.38,32.62,20200.0,5.8696874808779,80800.0
1401,1988-10-19,32.62,32.88,32.0,32.38,25000.0,5.8265015521405985,100000.0
1402,1988-10-20,32.5,33.0,32.38,32.88,21900.0,5.91647223701,87600.0
1403,1988-10-21,33.0,33.25,32.75,33.12,66300.0,5.9596581657473005,265200.0
1404,1988-10-24,32.88,32.88,32.62,32.62,23400.0,5.8696874808779,93600.0
1405,1988-10-25,32.38,32.62,32.12,32.12,19700.0,5.786464597373801,78800.0
1406,1988-10-26,32.38,32.38,31.5,31.62,53500.0,5.6963888720099005,214000.0
1407,1988-10-27,31.62,31.62,30.62,30.88,68000.0,5.563076798471402,272000.0
1408,1988-10-28,30.75,31.0,30.75,30.88,60400.0,5.563076798471402,241600.0
1409,1988-10-31,30.75,30.88,30.5,30.88,22000.0,5.563076798471402,88000.0
1410,1988-11-01,30.75,30.88,30.75,30.88,41500.0,5.563076798471402,166000.0
1411,1988-11-02,30.88,30.88,30.62,30.62,27700.0,5.5162374212822,110800.0
1412,1988-11-03,30.5,31.12,30.5,31.12,31100.0,5.606313146646099,124400.0
1413,1988-11-04,31.0,31.0,30.38,30.38,73800.0,5.473001073107599,295200.0
1414,1988-11-07,30.38,30.5,30.0,30.12,133300.0,5.426161695918402,533200.0
1415,1988-11-08,30.12,30.25,29.88,30.0,222000.0,5.404543521831,888000.0
1416,1988-11-09,29.75,29.75,28.38,28.88,718200.0,5.202773897016,2872800.0
1417,1988-11-10,28.62,29.0,28.38,28.88,116100.0,5.202773897016,464400.0
1418,1988-11-11,28.62,28.62,28.0,28.12,60200.0,5.065858794463001,240800.0
1419,1988-11-14,28.0,28.38,27.5,28.0,73200.0,5.0442406203756,292800.0
1420,1988-11-15,28.0,28.25,27.62,28.12,107600.0,5.065858794463001,430400.0
1421,1988-11-16,28.25,28.25,27.25,27.88,62600.0,5.0226224462883,250400.0
1422,1988-11-17,28.0,28.0,27.62,27.75,28400.0,4.9992027576937,113600.0
1423,1988-11-18,27.88,28.0,27.62,27.75,39500.0,4.9992027576937,158000.0
1424,1988-11-21,27.62,27.75,27.12,27.5,80000.0,4.9541648950118,320000.0
1425,1988-11-22,27.38,27.38,26.62,27.25,78200.0,4.9091270323299,312800.0
1426,1988-11-23,27.25,27.38,27.12,27.25,37300.0,4.9091270323299,149200.0
1427,1988-11-25,27.0,27.38,26.88,27.38,40400.0,4.9325467209245,161600.0
1428,1988-11-28,27.5,27.75,27.25,27.5,38300.0,4.9541648950118,153200.0
1429,1988-11-29,27.38,27.75,27.38,27.75,49500.0,4.9992027576937,198000.0
1430,1988-11-30,27.5,28.0,27.38,28.0,94900.0,5.0442406203756,379600.0
1431,1988-12-01,28.25,28.38,27.62,27.75,61000.0,4.9992027576937,244000.0
1432,1988-12-02,27.75,28.38,27.5,28.25,66400.0,5.0892784830576,265600.0
1433,1988-12-05,28.0,28.5,28.0,28.25,73400.0,5.0892784830576,293600.0
1434,1988-12-06,28.25,28.62,28.25,28.5,44400.0,5.1343163457395,177600.0
1435,1988-12-07,28.75,28.75,28.0,28.75,62100.0,5.1793542084214,248400.0
1436,1988-12-08,28.25,28.62,28.12,28.38,83600.0,5.1126981716522,334400.0
1437,1988-12-09,28.5,28.62,28.38,28.38,40900.0,5.1126981716522,163600.0
1438,1988-12-12,28.62,28.75,28.5,28.62,32100.0,5.1559345198268,128400.0
1439,1988-12-13,28.5,28.62,28.0,28.5,60500.0,5.1343163457395,242000.0
1440,1988-12-14,28.75,29.25,28.62,28.88,65000.0,5.202773897016,260000.0
1441,1988-12-15,28.88,29.0,28.62,28.88,74900.0,5.202773897016,299600.0
1442,1988-12-16,28.62,28.75,28.25,28.5,97600.0,5.1343163457395,390400.0
1443,1988-12-19,28.38,28.75,28.38,28.75,37300.0,5.1793542084214,149200.0
1444,1988-12-20,28.75,28.88,28.38,28.75,32500.0,5.1793542084214,130000.0
1445,1988-12-21,28.75,28.88,28.12,28.38,63200.0,5.1126981716522,252800.0
1446,1988-12-22,28.25,28.25,27.5,27.5,87100.0,4.9541648950118,348400.0
1447,1988-12-23,27.62,27.88,27.5,27.88,65200.0,5.0226224462883,260800.0
1448,1988-12-27,27.75,28.0,27.62,27.75,111100.0,4.9992027576937,444400.0
1449,1988-12-28,27.62,27.88,27.5,27.75,89400.0,4.9992027576937,357600.0
1450,1988-12-29,27.62,28.38,27.5,28.12,75200.0,5.065858794463001,300800.0
1451,1988-12-30,28.25,28.75,28.25,28.75,58100.0,5.1793542084214,232400.0
1452,1989-01-03,28.62,28.75,28.5,28.62,30200.0,5.1559345198268,120800.0
1453,1989-01-04,28.75,29.0,28.62,29.0,58000.0,5.2243920711033,232000.0
1454,1989-01-05,29.12,29.5,29.0,29.0,36500.0,5.2243920711033,146000.0
1455,1989-01-06,29.25,29.75,29.12,29.62,31900.0,5.3360859705545005,127600.0
1456,1989-01-09,29.75,29.75,29.0,29.12,86900.0,5.246010245190701,347600.0
1457,1989-01-10,29.25,29.38,29.0,29.12,35200.0,5.246010245190701,140800.0
1458,1989-01-11,29.38,29.38,29.0,29.38,10600.0,5.2928496223799,42400.0
1459,1989-01-12,29.25,29.62,29.12,29.5,15800.0,5.3144677964672,63200.0
1460,1989-01-13,29.38,29.38,28.88,29.25,31800.0,5.2770863704412,127200.0
1461,1989-01-16,29.38,29.38,28.38,28.62,29000.0,5.1634260486163,116000.0
1462,1989-01-17,28.88,29.12,28.75,28.75,30500.0,5.1868797658183,122000.0
1463,1989-01-18,28.75,29.5,28.75,28.75,38600.0,5.1868797658183,154400.0
1464,1989-01-19,28.62,28.88,28.38,28.75,54500.0,5.1868797658183,218000.0
1465,1989-01-20,28.75,28.88,28.38,28.88,65600.0,5.2103334830202,262400.0
1466,1989-01-23,29.25,29.5,29.0,29.12,60500.0,5.2536326532392,242000.0
1467,1989-01-24,29.25,29.75,29.12,29.38,97800.0,5.3005400876432,391200.0
1468,1989-01-25,29.25,29.38,29.0,29.25,89200.0,5.2770863704412,356800.0
1469,1989-01-26,29.38,29.5,29.12,29.38,67100.0,5.3005400876432,268400.0
1470,1989-01-27,29.5,29.88,29.38,29.5,58300.0,5.3221896727527005,233200.0
1471,1989-01-30,29.5,29.88,29.25,29.75,67200.0,5.3672929750641,268800.0
1472,1989-01-31,29.62,30.38,29.62,30.12,47800.0,5.4340458624851005,191200.0
1473,1989-02-01,30.12,30.25,29.88,29.88,54100.0,5.3907466922661,216400.0
1474,1989-02-02,29.88,30.0,29.75,29.75,45100.0,5.3672929750641,180400.0
1475,1989-02-03,29.75,30.25,29.75,30.12,54700.0,5.4340458624851005,218800.0
1476,1989-02-06,30.12,30.25,29.88,29.88,104900.0,5.3907466922661,419600.0
1477,1989-02-07,30.0,30.62,30.0,30.5,74900.0,5.5026028819985,299600.0
1478,1989-02-08,30.38,31.0,30.38,31.0,109600.0,5.5928094866214,438400.0
1479,1989-02-09,30.88,31.12,30.62,30.88,121900.0,5.5711599015119,487600.0
1480,1989-02-10,30.62,31.25,30.62,30.88,88800.0,5.5711599015119,355200.0
1481,1989-02-13,30.75,31.0,30.62,30.75,45300.0,5.54770618431,181200.0
1482,1989-02-14,31.0,31.88,31.0,31.25,122400.0,5.6379127889329,489600.0
1483,1989-02-15,31.38,31.38,31.0,31.12,28100.0,5.6144590717309,112400.0
1484,1989-02-16,31.25,31.5,31.12,31.5,29700.0,5.683016091244402,118800.0
1485,1989-02-17,31.5,32.0,31.5,31.88,27900.0,5.751573110757801,111600.0
1486,1989-02-21,31.88,31.88,31.5,31.62,20900.0,5.7046656763539,83600.0
1487,1989-02-22,31.62,31.75,30.5,31.0,83100.0,5.5928094866214,332400.0
1488,1989-02-23,31.0,31.25,30.75,30.75,62300.0,5.54770618431,249200.0
1489,1989-02-24,30.88,30.88,30.38,30.5,25600.0,5.5026028819985,102400.0
1490,1989-02-27,30.62,30.75,30.38,30.5,21100.0,5.5026028819985,84400.0
1491,1989-02-28,30.62,30.88,30.62,30.75,87500.0,5.54770618431,350000.0
1492,1989-03-01,30.88,31.5,30.88,31.38,117100.0,5.6613665061348994,468400.0
1493,1989-03-02,31.25,31.5,31.25,31.5,28000.0,5.683016091244402,112000.0
1494,1989-03-03,31.38,32.25,31.38,31.88,70100.0,5.751573110757801,280400.0
1495,1989-03-06,32.12,32.12,31.88,32.0,32900.0,5.7732226958673,131600.0
1496,1989-03-07,32.0,32.0,31.75,31.88,18700.0,5.751573110757801,74800.0
1497,1989-03-08,32.0,32.0,31.75,32.0,113700.0,5.7732226958673,454800.0
1498,1989-03-09,31.75,31.88,31.75,31.75,52400.0,5.7281193935558,209600.0
1499,1989-03-10,31.75,31.88,31.75,31.75,24000.0,5.7281193935558,96000.0
1500,1989-03-13,31.75,32.25,31.75,32.12,41300.0,5.7948722809768,165200.0
1501,1989-03-14,32.12,32.12,32.0,32.0,68400.0,5.7732226958673,273600.0
1502,1989-03-15,32.12,32.38,31.88,32.0,31900.0,5.7732226958673,127600.0
1503,1989-03-16,32.0,32.12,31.75,31.75,38300.0,5.7281193935558,153200.0
1504,1989-03-17,31.12,31.62,31.0,31.0,83200.0,5.5928094866214,332800.0
1505,1989-03-20,31.25,31.25,30.38,30.5,43500.0,5.5026028819985,174000.0
1506,1989-03-21,30.62,30.75,30.5,30.62,18600.0,5.524252467108001,74400.0
1507,1989-03-22,30.75,30.88,30.12,30.75,27900.0,5.54770618431,111600.0
1508,1989-03-23,30.5,30.62,30.25,30.25,18500.0,5.457499579687001,74000.0
1509,1989-03-27,30.5,30.75,30.38,30.62,27400.0,5.524252467108001,109600.0
1510,1989-03-28,30.62,31.62,30.62,31.25,22600.0,5.6379127889329,90400.0
1511,1989-03-29,31.38,31.5,31.12,31.12,23700.0,5.6144590717309,94800.0
1512,1989-03-30,31.0,31.0,30.75,30.75,30700.0,5.54770618431,122800.0
1513,1989-03-31,30.88,30.88,30.75,30.75,37000.0,5.54770618431,148000.0
1514,1989-04-03,30.75,31.5,30.75,31.12,48400.0,5.6144590717309,193600.0
1515,1989-04-04,31.38,31.5,31.12,31.38,25000.0,5.6613665061348994,100000.0
1516,1989-04-05,31.62,31.75,31.5,31.5,39000.0,5.683016091244402,156000.0
1517,1989-04-06,31.0,31.5,31.0,31.25,29500.0,5.6379127889329,118000.0
1518,1989-04-07,31.12,31.75,31.0,31.62,55800.0,5.7046656763539,223200.0
1519,1989-04-10,31.5,31.88,31.38,31.88,35100.0,5.751573110757801,140400.0
1520,1989-04-11,31.88,32.0,31.62,32.0,74100.0,5.7732226958673,296400.0
1521,1989-04-12,31.88,32.12,31.88,32.12,43500.0,5.7948722809768,174000.0
1522,1989-04-13,32.0,32.0,31.62,31.62,24100.0,5.7046656763539,96400.0
1523,1989-04-14,31.25,32.12,31.25,32.12,57700.0,5.7948722809768,230800.0
1524,1989-04-17,31.75,32.38,31.75,32.0,38500.0,5.7808902572602,154000.0
1525,1989-04-18,32.12,32.12,31.88,32.12,66500.0,5.802568595725,266000.0
1526,1989-04-19,32.12,32.12,31.88,32.12,63300.0,5.802568595725,253200.0
1527,1989-04-20,32.25,32.38,31.5,31.75,61700.0,5.735727052125402,246800.0
1528,1989-04-21,31.88,31.88,31.5,31.62,72500.0,5.7122421854553,290000.0
1529,1989-04-24,31.62,31.62,31.5,31.62,22300.0,5.7122421854553,89200.0
1530,1989-04-25,31.5,31.75,31.5,31.62,39800.0,5.7122421854553,159200.0
1531,1989-04-26,31.62,31.75,31.25,31.5,48200.0,5.690563846990499,192800.0
1532,1989-04-27,31.62,32.0,31.5,31.88,46700.0,5.7592119187955,186800.0
1533,1989-04-28,31.88,31.88,31.5,31.75,89500.0,5.735727052125402,358000.0
1534,1989-05-01,31.62,31.75,31.5,31.75,20100.0,5.735727052125402,80400.0
1535,1989-05-02,31.88,31.88,31.62,31.62,87600.0,5.7122421854553,350400.0
1536,1989-05-03,31.62,31.88,31.5,31.88,20100.0,5.7592119187955,80400.0
1537,1989-05-04,31.75,31.88,31.5,31.75,39900.0,5.735727052125402,159600.0
1538,1989-05-05,31.88,32.0,31.62,32.0,95400.0,5.7808902572602,381600.0
1539,1989-05-08,31.62,31.75,31.5,31.62,12300.0,5.7122421854553,49200.0
1540,1989-05-09,31.88,31.88,31.38,31.38,30800.0,5.6688855085258,123200.0
1541,1989-05-10,31.62,31.75,31.38,31.5,21100.0,5.690563846990499,84400.0
1542,1989-05-11,31.38,31.62,31.38,31.5,25700.0,5.690563846990499,102800.0
1543,1989-05-12,31.75,32.0,31.62,32.0,102900.0,5.7808902572602,411600.0
1544,1989-05-15,31.75,33.0,31.75,32.75,117100.0,5.9163798726648,468400.0
1545,1989-05-16,32.88,33.12,32.62,32.88,116700.0,5.9398647393349,466800.0
1546,1989-05-17,33.12,33.5,33.12,33.25,194600.0,6.0067062829345,778400.0
1547,1989-05-18,33.25,33.38,33.12,33.12,10700.0,5.983221416264301,42800.0
1548,1989-05-19,33.25,33.5,33.25,33.38,86600.0,6.030191149604598,346400.0
1549,1989-05-22,33.5,33.75,33.5,33.62,77400.0,6.073547826533999,309600.0
1550,1989-05-23,33.62,33.62,33.25,33.25,38900.0,6.0067062829345,155600.0
1551,1989-05-24,33.38,33.5,33.25,33.5,48900.0,6.0518694880693,195600.0
1552,1989-05-25,33.5,33.75,33.38,33.62,55100.0,6.073547826533999,220400.0
1553,1989-05-26,33.62,33.62,33.5,33.62,23800.0,6.073547826533999,95200.0
1554,1989-05-30,33.75,33.75,33.5,33.62,25100.0,6.073547826533999,100400.0
1555,1989-05-31,33.5,34.0,33.5,33.88,73200.0,6.1205175598742985,292800.0
1556,1989-06-01,33.75,34.12,33.75,34.0,94500.0,6.142195898339,378000.0
1557,1989-06-02,34.12,34.38,34.0,34.0,31400.0,6.142195898339,125600.0
1558,1989-06-05,34.25,34.38,34.12,34.25,29300.0,6.187359103473799,117200.0
1559,1989-06-06,34.0,34.12,33.62,33.75,23000.0,6.0970326932042,92000.0
1560,1989-06-07,33.62,33.88,33.62,33.75,32800.0,6.0970326932042,131200.0
1561,1989-06-08,33.88,34.0,33.62,33.62,21800.0,6.073547826533999,87200.0
1562,1989-06-09,33.5,33.62,33.25,33.25,64100.0,6.0067062829345,256400.0
1563,1989-06-12,33.25,33.38,33.12,33.25,29100.0,6.0067062829345,116400.0
1564,1989-06-13,33.25,33.5,33.12,33.25,23900.0,6.0067062829345,95600.0
1565,1989-06-14,33.38,33.38,33.25,33.25,9700.0,6.0067062829345,38800.0
1566,1989-06-15,33.25,33.25,32.62,32.62,31100.0,5.8928950059947,124400.0
1567,1989-06-16,32.25,33.12,32.25,33.12,82200.0,5.983221416264301,328800.0
1568,1989-06-19,33.5,33.5,33.12,33.25,58700.0,6.0067062829345,234800.0
1569,1989-06-20,33.12,33.25,33.0,33.0,13700.0,5.9615430777996,54800.0
1570,1989-06-21,33.0,33.0,32.62,32.75,64800.0,5.9163798726648,259200.0
1571,1989-06-22,32.62,32.88,32.62,32.75,101700.0,5.9163798726648,406800.0
1572,1989-06-23,32.75,33.38,32.62,33.38,23300.0,6.030191149604598,93200.0
1573,1989-06-26,33.5,33.62,33.38,33.5,14600.0,6.0518694880693,58400.0
1574,1989-06-27,33.5,33.5,32.75,33.0,35700.0,5.9615430777996,142800.0
1575,1989-06-28,33.25,33.25,32.88,33.0,64700.0,5.9615430777996,258800.0
1576,1989-06-29,32.88,33.0,32.62,32.88,93500.0,5.9398647393349,374000.0
1577,1989-06-30,33.12,33.25,32.62,32.75,148000.0,5.9163798726648,592000.0
1578,1989-07-03,32.62,32.75,32.62,32.62,37100.0,5.8928950059947,148400.0
1579,1989-07-05,32.5,32.62,32.5,32.62,21700.0,5.8928950059947,86800.0
1580,1989-07-06,32.5,32.75,32.5,32.62,65900.0,5.8928950059947,263600.0
1581,1989-07-07,32.62,33.0,32.5,32.62,20300.0,5.8928950059947,81200.0
1582,1989-07-10,32.75,32.88,32.38,32.5,20100.0,5.8712166675299,80400.0
1583,1989-07-11,32.5,33.5,32.5,33.38,103200.0,6.030191149604598,412800.0
1584,1989-07-12,33.0,33.38,32.88,33.38,14700.0,6.030191149604598,58800.0
1585,1989-07-13,33.62,33.75,33.5,33.62,41000.0,6.073547826533999,164000.0
1586,1989-07-14,33.62,34.75,33.62,34.62,99300.0,6.2542006470734,397200.0
1587,1989-07-17,34.75,35.25,34.62,35.12,229600.0,6.352204802216001,918400.0
1588,1989-07-18,35.0,35.12,34.62,34.75,26900.0,6.2852823712132,107600.0
1589,1989-07-19,34.62,35.0,34.62,34.88,26200.0,6.3087956577818,104800.0
1590,1989-07-20,34.62,34.88,34.12,34.12,41300.0,6.1713333670732,165200.0
1591,1989-07-21,33.88,33.88,33.62,33.88,60900.0,6.1279242226389,243600.0
1592,1989-07-24,33.75,34.0,33.25,33.5,19500.0,6.0591930772847,78000.0
1593,1989-07-25,33.5,34.0,33.5,33.75,66600.0,6.1044109360704,266400.0
1594,1989-07-26,33.75,34.12,33.75,34.12,77000.0,6.1713333670732,308000.0
1595,1989-07-27,34.0,34.25,34.0,34.0,34800.0,6.1496287948561,139200.0
1596,1989-07-28,34.0,34.5,34.0,34.12,45900.0,6.1713333670732,183600.0
1597,1989-07-31,34.12,34.38,34.12,34.38,29700.0,6.2183599402102985,118800.0
1598,1989-08-01,34.38,34.38,33.38,33.62,53300.0,6.080897649501799,213200.0
1599,1989-08-02,33.5,33.88,33.25,33.5,178600.0,6.0591930772847,714400.0
1600,1989-08-03,33.75,33.88,33.5,33.5,49200.0,6.0591930772847,196800.0
1601,1989-08-04,33.5,33.75,33.5,33.5,20700.0,6.0591930772847,82800.0
1602,1989-08-07,33.62,33.75,33.25,33.38,62300.0,6.0374885050675,249200.0
1603,1989-08-08,33.5,34.0,33.38,33.88,48700.0,6.1279242226389,194800.0
1604,1989-08-09,34.12,34.25,33.5,33.62,43500.0,6.080897649501799,174000.0
1605,1989-08-10,33.5,33.62,33.0,33.62,69800.0,6.080897649501799,279200.0
1606,1989-08-11,33.62,33.75,33.38,33.38,31000.0,6.0374885050675,124000.0
1607,1989-08-14,33.62,33.88,33.38,33.5,20100.0,6.0591930772847,80400.0
1608,1989-08-15,33.75,33.88,33.75,33.88,32800.0,6.1279242226389,131200.0
1609,1989-08-16,33.88,33.88,33.75,33.88,15700.0,6.1279242226389,62800.0
1610,1989-08-17,33.75,33.88,33.5,33.5,19600.0,6.0591930772847,78400.0
1611,1989-08-18,33.5,33.88,33.5,33.88,11900.0,6.1279242226389,47600.0
1612,1989-08-21,33.88,33.88,33.12,33.38,143200.0,6.0374885050675,572800.0
1613,1989-08-22,33.38,33.38,33.12,33.25,17400.0,6.0139752184989,69600.0
1614,1989-08-23,33.5,33.5,33.0,33.0,103900.0,5.9687573597132015,415600.0
1615,1989-08-24,33.25,33.75,33.25,33.75,33900.0,6.1044109360704,135600.0
1616,1989-08-25,34.0,34.0,33.38,33.62,231600.0,6.080897649501799,926400.0
1617,1989-08-28,33.88,33.88,33.5,33.75,24600.0,6.1044109360704,98400.0
1618,1989-08-29,33.88,33.88,33.25,33.5,12500.0,6.0591930772847,50000.0
1619,1989-08-30,33.38,33.75,33.25,33.38,53300.0,6.0374885050675,213200.0
1620,1989-08-31,33.5,33.5,33.25,33.38,49400.0,6.0374885050675,197600.0
1621,1989-09-01,33.25,34.0,33.25,33.88,22200.0,6.1279242226389,88800.0
1622,1989-09-05,33.88,33.88,33.75,33.75,26400.0,6.1044109360704,105600.0
1623,1989-09-06,33.75,33.75,33.62,33.62,18300.0,6.080897649501799,73200.0
1624,1989-09-07,33.88,34.12,33.88,33.88,75200.0,6.1279242226389,300800.0
1625,1989-09-08,33.88,34.0,33.62,33.75,35500.0,6.1044109360704,142000.0
1626,1989-09-11,33.88,33.88,33.62,33.62,32600.0,6.080897649501799,130400.0
1627,1989-09-12,33.75,33.75,33.62,33.62,8400.0,6.080897649501799,33600.0
1628,1989-09-13,33.75,33.75,33.38,33.38,46400.0,6.0374885050675,185600.0
1629,1989-09-14,33.25,33.25,32.88,32.88,80500.0,5.9470527874961,322000.0
1630,1989-09-15,32.88,33.0,32.38,32.75,67900.0,5.923539500927499,271600.0
1631,1989-09-18,32.75,32.88,32.38,32.75,15300.0,5.923539500927499,61200.0
1632,1989-09-19,32.5,32.62,31.38,31.5,72200.0,5.697450206999,288800.0
1633,1989-09-20,31.75,32.75,31.75,32.5,73600.0,5.8783216421418,294400.0
1634,1989-09-21,32.5,32.5,31.62,31.88,58600.0,5.7661813523533,234400.0
1635,1989-09-22,32.0,32.12,31.62,31.88,52100.0,5.7661813523533,208400.0
1636,1989-09-25,31.88,32.0,31.75,32.0,58700.0,5.787885924570402,234800.0
1637,1989-09-26,32.12,32.38,32.0,32.0,40900.0,5.787885924570402,163600.0
1638,1989-09-27,32.12,32.12,32.0,32.0,30800.0,5.787885924570402,123200.0
1639,1989-09-28,32.0,32.88,32.0,32.88,108700.0,5.9470527874961,434800.0
1640,1989-09-29,32.88,32.88,32.5,32.62,47100.0,5.9000262143589985,188400.0
1641,1989-10-02,32.5,33.0,32.5,33.0,37300.0,5.9687573597132015,149200.0
1642,1989-10-03,33.0,33.25,33.0,33.12,65000.0,5.9904619319304,260000.0
1643,1989-10-04,33.0,33.25,32.88,33.12,210100.0,5.9904619319304,840400.0
1644,1989-10-05,33.25,34.0,33.12,34.0,115900.0,6.1496287948561,463600.0
1645,1989-10-06,34.5,34.75,34.12,34.38,148500.0,6.2183599402102985,594000.0
1646,1989-10-09,34.75,35.12,34.75,34.88,81500.0,6.3087956577818,326000.0
1647,1989-10-10,34.88,35.5,34.88,35.0,130100.0,6.330500229998901,520400.0
1648,1989-10-11,35.12,35.25,34.38,34.62,50300.0,6.2617690846446,201200.0
1649,1989-10-12,34.75,34.75,34.38,34.38,35300.0,6.2183599402102985,141200.0
1650,1989-10-13,34.38,34.38,31.75,31.75,127000.0,5.7426680657847,508000.0
1651,1989-10-16,32.0,33.75,31.62,33.75,133100.0,6.1120979720639,532400.0
1652,1989-10-17,34.0,34.25,33.5,34.25,72100.0,6.2026475716501,288400.0
1653,1989-10-18,34.25,34.75,33.62,33.62,40400.0,6.0885550761715,161600.0
1654,1989-10-19,33.88,34.25,33.38,34.12,40700.0,6.1791046757577,162800.0
1655,1989-10-20,34.38,34.75,34.0,34.75,47300.0,6.2931971712362005,189200.0
1656,1989-10-23,34.75,34.88,34.25,34.38,48800.0,6.226190467542501,195200.0
1657,1989-10-24,34.12,34.5,33.62,34.12,42200.0,6.1791046757577,168800.0
1658,1989-10-25,34.38,34.75,33.25,33.88,101900.0,6.1356408679563,407600.0
1659,1989-10-26,33.75,33.75,33.38,33.5,111000.0,6.0668231722709,444000.0
1660,1989-10-27,33.62,33.62,32.75,32.75,74400.0,5.9309987728917015,297600.0
1661,1989-10-30,33.0,33.62,33.0,33.5,60900.0,6.0668231722709,243600.0
1662,1989-10-31,33.5,34.62,33.5,34.12,51300.0,6.1791046757577,205200.0
1663,1989-11-01,34.25,34.5,34.0,34.5,31200.0,6.2479223714431,124800.0
1664,1989-11-02,34.62,34.62,33.88,34.0,18100.0,6.157372771857,72400.0
1665,1989-11-03,34.12,34.38,33.62,33.62,27200.0,6.0885550761715,108800.0
1666,1989-11-06,33.62,33.75,33.25,33.38,38200.0,6.0450912683702,152800.0
1667,1989-11-07,33.25,34.25,33.25,33.75,25700.0,6.1120979720639,102800.0
1668,1989-11-08,33.88,35.5,33.88,35.0,74400.0,6.3384719710293,297600.0
1669,1989-11-09,35.0,35.0,34.5,34.75,21900.0,6.2931971712362005,87600.0
1670,1989-11-10,35.25,36.0,35.25,36.0,65300.0,6.519571170201499,261200.0
1671,1989-11-13,35.88,36.12,34.62,34.62,115600.0,6.2696542753437985,462400.0
1672,1989-11-14,34.88,35.0,34.75,34.75,114900.0,6.2931971712362005,459600.0
1673,1989-11-15,34.88,36.38,34.88,36.38,87700.0,6.5883888658870005,350800.0
1674,1989-11-16,36.12,36.5,35.75,35.88,25000.0,6.4978392663009,100000.0
1675,1989-11-17,36.0,36.0,35.25,35.62,39200.0,6.4507534745161,156800.0
1676,1989-11-20,35.88,35.88,34.12,34.38,146100.0,6.226190467542501,584400.0
1677,1989-11-21,34.62,34.62,32.38,33.75,95300.0,6.1120979720639,381200.0
1678,1989-11-22,33.88,34.5,33.88,34.0,40400.0,6.157372771857,161600.0
1679,1989-11-24,34.25,34.38,34.12,34.25,19500.0,6.2026475716501,78000.0
1680,1989-11-27,34.25,34.62,34.25,34.62,17300.0,6.2696542753437985,69200.0
1681,1989-11-28,34.62,34.62,33.88,34.25,51200.0,6.2026475716501,204800.0
1682,1989-11-29,34.25,34.38,33.88,33.88,20800.0,6.1356408679563,83200.0
1683,1989-11-30,34.0,34.25,33.88,34.0,11700.0,6.157372771857,46800.0
1684,1989-12-01,34.0,34.38,34.0,34.25,37300.0,6.2026475716501,149200.0
1685,1989-12-04,34.25,34.38,33.62,33.62,26100.0,6.0885550761715,104400.0
1686,1989-12-05,33.88,33.88,33.0,33.0,22500.0,5.9762735726847005,90000.0
1687,1989-12-06,33.0,33.38,32.88,33.0,13200.0,5.9762735726847005,52800.0
1688,1989-12-07,33.0,33.38,32.25,32.62,38600.0,5.9074558769993,154400.0
1689,1989-12-08,32.88,33.12,32.62,33.12,12300.0,5.9980054765854005,49200.0
1690,1989-12-11,33.25,33.88,33.0,33.88,14100.0,6.1356408679563,56400.0
1691,1989-12-12,33.62,33.75,33.0,33.5,50300.0,6.0668231722709,201200.0
1692,1989-12-13,33.75,33.75,32.0,32.12,58500.0,5.8169062774131,234000.0
1693,1989-12-14,32.25,32.88,32.0,32.62,32100.0,5.9074558769993,128400.0
1694,1989-12-15,33.0,33.0,32.0,32.75,45100.0,5.9309987728917015,180400.0
1695,1989-12-18,32.62,32.75,32.0,32.38,16600.0,5.8639920691979,66400.0
1696,1989-12-19,32.38,32.75,32.25,32.62,39300.0,5.9074558769993,157200.0
1697,1989-12-20,32.62,32.62,31.75,32.0,51500.0,5.7951743735125,206000.0
1698,1989-12-21,32.38,32.75,32.25,32.38,17300.0,5.8639920691979,69200.0
1699,1989-12-22,32.5,32.62,32.38,32.5,12500.0,5.8857239730986,50000.0
1700,1989-12-26,32.75,32.75,32.38,32.38,7300.0,5.8639920691979,29200.0
1701,1989-12-27,32.38,33.0,32.38,32.75,13300.0,5.9309987728917015,53200.0
1702,1989-12-28,33.0,33.75,32.88,33.5,24400.0,6.0668231722709,97600.0
1703,1989-12-29,33.75,34.0,33.62,34.0,23000.0,6.157372771857,92000.0
1704,1990-01-02,34.25,34.62,33.88,34.5,39200.0,6.2479223714431,156800.0
1705,1990-01-03,34.75,34.75,34.0,34.12,59200.0,6.1791046757577,236800.0
1706,1990-01-04,34.25,34.38,33.75,34.12,94500.0,6.1791046757577,378000.0
1707,1990-01-05,34.0,34.75,33.88,34.38,149400.0,6.226190467542501,597600.0
1708,1990-01-08,34.38,34.75,34.25,34.75,102200.0,6.2931971712362005,408800.0
1709,1990-01-09,34.62,35.25,34.62,34.88,109800.0,6.3167400671286,439200.0
1710,1990-01-10,34.88,35.0,34.75,34.88,49500.0,6.3167400671286,198000.0
1711,1990-01-11,35.0,35.0,34.75,34.88,92300.0,6.3167400671286,369200.0
1712,1990-01-12,34.5,34.5,34.25,34.38,85600.0,6.2347926795031,342400.0
1713,1990-01-15,34.38,34.38,34.25,34.38,43300.0,6.2347926795031,173200.0
1714,1990-01-16,34.25,34.5,34.25,34.5,24000.0,6.2565546085764,96000.0
1715,1990-01-17,34.5,34.75,34.38,34.62,28700.0,6.2783165376498,114800.0
1716,1990-01-18,34.62,34.88,34.5,34.75,38900.0,6.301891960812499,155600.0
1717,1990-01-19,34.88,35.12,34.75,35.0,60800.0,6.3472293130486,243200.0
1718,1990-01-22,35.0,35.25,34.88,34.88,86200.0,6.325467383975298,344800.0
1719,1990-01-23,35.0,35.38,34.88,35.12,121900.0,6.3689912421219015,487600.0
1720,1990-01-24,34.75,35.25,34.5,35.0,133000.0,6.3472293130486,532000.0
1721,1990-01-25,35.25,35.5,35.12,35.25,99900.0,6.392566665284599,399600.0
1722,1990-01-26,35.25,35.88,35.25,35.5,99000.0,6.437904017520701,396000.0
1723,1990-01-29,35.38,35.5,35.25,35.38,71900.0,6.4161420884474,287600.0
1724,1990-01-30,35.38,35.62,35.25,35.5,82800.0,6.437904017520701,331200.0
1725,1990-01-31,35.5,35.62,35.5,35.62,31400.0,6.459665946594,125600.0
1726,1990-02-01,35.62,35.62,35.38,35.38,33600.0,6.4161420884474,134400.0
1727,1990-02-02,35.38,35.62,35.38,35.62,21300.0,6.459665946594,85200.0
1728,1990-02-05,35.5,35.75,35.5,35.62,31600.0,6.459665946594,126400.0
1729,1990-02-06,35.5,35.62,35.38,35.38,25700.0,6.4161420884474,102800.0
1730,1990-02-07,35.25,35.5,35.25,35.5,64600.0,6.437904017520701,258400.0
1731,1990-02-08,35.5,35.75,35.38,35.5,93700.0,6.437904017520701,374800.0
1732,1990-02-09,35.75,35.88,35.62,35.88,88100.0,6.5068167929195,352400.0
1733,1990-02-12,35.75,35.75,35.5,35.5,26200.0,6.437904017520701,104800.0
1734,1990-02-13,35.5,35.75,35.38,35.62,31600.0,6.459665946594,126400.0
1735,1990-02-14,35.62,35.75,35.62,35.75,37200.0,6.4832413697568,148800.0
1736,1990-02-15,35.62,35.75,35.5,35.62,18300.0,6.459665946594,73200.0
1737,1990-02-16,35.5,35.62,35.25,35.38,101400.0,6.4161420884474,405600.0
1738,1990-02-20,35.25,35.38,35.0,35.12,71000.0,6.3689912421219015,284000.0
1739,1990-02-21,35.0,35.38,34.88,35.38,57100.0,6.4161420884474,228400.0
1740,1990-02-22,35.38,35.5,35.25,35.38,30800.0,6.4161420884474,123200.0
1741,1990-02-23,35.25,35.38,35.0,35.0,59100.0,6.3472293130486,236400.0
1742,1990-02-26,35.0,35.5,35.0,35.5,38800.0,6.437904017520701,155200.0
1743,1990-02-27,35.38,35.88,35.38,35.62,50900.0,6.459665946594,203600.0
1744,1990-02-28,35.75,36.25,35.75,35.88,63300.0,6.5068167929195,253200.0
1745,1990-03-01,35.75,36.75,35.75,36.62,65700.0,6.6410153555382,262800.0
1746,1990-03-02,36.62,37.5,36.62,36.75,71300.0,6.664590778701,285200.0
1747,1990-03-05,37.0,37.12,36.88,36.88,39600.0,6.6881662018638,158400.0
1748,1990-03-06,37.12,37.62,37.0,37.5,70200.0,6.8006028354092,280800.0
1749,1990-03-07,37.25,37.75,37.25,37.62,74300.0,6.822364764482501,297200.0
1750,1990-03-08,37.62,38.5,37.62,38.5,62800.0,6.9819522443534,251200.0
1751,1990-03-09,38.25,38.38,38.0,38.0,69700.0,6.891277539881298,278800.0
1752,1990-03-12,38.12,38.5,38.0,38.5,48900.0,6.9819522443534,195600.0
1753,1990-03-13,38.38,40.0,38.25,39.25,138300.0,7.1179643010615985,553200.0
1754,1990-03-14,39.38,39.5,38.38,38.75,41600.0,7.0272895965895,166400.0
1755,1990-03-15,38.75,38.88,38.5,38.62,36000.0,7.003714173426699,144000.0
1756,1990-03-16,39.0,39.12,38.75,39.12,71200.0,7.0943888778989015,284800.0
1757,1990-03-19,39.0,39.38,38.88,39.38,52300.0,7.1415397242244,209200.0
1758,1990-03-20,39.0,39.38,38.75,38.75,110200.0,7.0272895965895,440800.0
1759,1990-03-21,39.0,39.0,38.5,38.62,83600.0,7.003714173426699,334400.0
1760,1990-03-22,38.75,38.88,38.38,38.5,88000.0,6.9819522443534,352000.0
1761,1990-03-23,38.75,39.62,38.62,39.38,106100.0,7.1415397242244,424400.0
1762,1990-03-26,39.62,40.0,39.38,40.0,143900.0,7.253976357769799,575600.0
1763,1990-03-27,40.0,40.0,39.5,39.88,35300.0,7.2322144286965,141200.0
1764,1990-03-28,39.88,39.88,39.38,39.62,40500.0,7.185063582371,162000.0
1765,1990-03-29,39.38,39.38,37.62,38.0,103900.0,6.891277539881298,415600.0
1766,1990-03-30,38.0,38.0,37.0,37.38,110400.0,6.7788409063358985,441600.0
1767,1990-04-02,37.12,37.12,36.75,36.88,62200.0,6.6881662018638,248800.0
1768,1990-04-03,36.88,37.62,36.62,37.5,85400.0,6.8006028354092,341600.0
1769,1990-04-04,37.5,37.62,36.75,37.25,95800.0,6.7552654831730985,383200.0
1770,1990-04-05,37.25,37.38,36.75,36.75,70000.0,6.664590778701,280000.0
1771,1990-04-06,36.75,36.88,36.62,36.88,68700.0,6.6881662018638,274800.0
1772,1990-04-09,36.75,37.62,36.75,36.88,30400.0,6.6881662018638,121600.0
1773,1990-04-10,36.75,37.25,36.75,37.12,96700.0,6.7316900600104,386800.0
1774,1990-04-11,37.12,37.5,37.12,37.5,97200.0,6.8006028354092,388800.0
1775,1990-04-12,37.5,37.62,37.25,37.38,82500.0,6.7788409063358985,330000.0
1776,1990-04-16,37.12,37.62,37.12,37.38,80000.0,6.787455003260701,320000.0
1777,1990-04-17,37.25,37.38,37.12,37.38,52300.0,6.787455003260701,209200.0
1778,1990-04-18,37.25,37.38,37.0,37.0,24500.0,6.7184546581232,98000.0
1779,1990-04-19,37.0,37.12,36.25,36.38,31900.0,6.6058751476358,127600.0
1780,1990-04-20,36.25,36.62,36.25,36.25,36100.0,6.5822697664045,144400.0
1781,1990-04-23,36.0,36.25,36.0,36.0,68000.0,6.5368748024983,272000.0
1782,1990-04-24,35.88,35.88,35.25,35.25,101500.0,6.4006899107796,406000.0
1783,1990-04-25,35.25,35.62,35.25,35.62,39200.0,6.467874457360799,156800.0
1784,1990-04-26,35.5,35.62,35.5,35.5,18200.0,6.4460848746858,72800.0
1785,1990-04-27,35.62,35.62,35.38,35.38,86500.0,6.4242952920107985,346000.0
1786,1990-04-30,35.38,36.25,35.25,36.25,63600.0,6.5822697664045,254400.0
1787,1990-05-01,36.38,37.0,36.38,37.0,62400.0,6.7184546581232,249600.0
1788,1990-05-02,36.88,37.12,36.88,37.12,20600.0,6.7402442407982015,82400.0
1789,1990-05-03,37.12,37.62,37.12,37.62,24900.0,6.8310341686107,99600.0
1790,1990-05-04,37.75,38.5,37.75,38.5,89300.0,6.9908244415607,357200.0
1791,1990-05-07,38.62,38.75,38.5,38.62,76200.0,7.012614024235702,304800.0
1792,1990-05-08,38.62,38.75,38.38,38.5,43100.0,6.9908244415607,172400.0
1793,1990-05-09,38.38,38.5,38.25,38.38,47000.0,6.969034858885701,188000.0
1794,1990-05-10,38.25,38.88,38.25,38.5,42600.0,6.9908244415607,170400.0
1795,1990-05-11,39.0,40.25,38.88,40.0,113000.0,7.2631942249981,452000.0
1796,1990-05-14,39.88,41.0,39.75,40.88,202200.0,7.422984497948098,808800.0
1797,1990-05-15,40.75,40.88,39.75,40.12,134300.0,7.284983807673099,537200.0
1798,1990-05-16,39.88,39.88,39.0,39.75,49900.0,7.2177992610918995,199600.0
1799,1990-05-17,39.5,39.75,39.0,39.0,42300.0,7.0816143693731,169200.0
1800,1990-05-18,39.12,39.25,39.0,39.25,55400.0,7.1270093332794,221600.0
1801,1990-05-21,39.25,39.62,39.0,39.5,201800.0,7.1724042971856,807200.0
1802,1990-05-22,39.5,39.62,39.38,39.38,102700.0,7.150614714510598,410800.0
1803,1990-05-23,39.5,39.5,39.12,39.38,66100.0,7.150614714510598,264400.0
1804,1990-05-24,39.25,39.25,39.0,39.12,104600.0,7.103403952048099,418400.0
1805,1990-05-25,39.0,39.0,38.75,38.75,107600.0,7.0362194054669,430400.0
1806,1990-05-29,38.75,39.25,38.75,39.12,18500.0,7.103403952048099,74000.0
1807,1990-05-30,39.38,39.5,39.25,39.38,119300.0,7.150614714510598,477200.0
1808,1990-05-31,39.38,39.62,39.38,39.62,48500.0,7.194193879860599,194000.0
1809,1990-06-01,39.5,39.88,39.5,39.88,65900.0,7.2414046423231,263600.0
1810,1990-06-04,39.88,40.38,39.75,40.38,59100.0,7.332194570135599,236400.0
1811,1990-06-05,40.25,40.25,39.88,40.0,122600.0,7.2631942249981,490400.0
1812,1990-06-06,40.0,40.12,39.88,40.0,40000.0,7.2631942249981,160000.0
1813,1990-06-07,40.0,40.25,39.75,39.88,66400.0,7.2414046423231,265600.0
1814,1990-06-08,39.75,39.88,39.62,39.75,41000.0,7.2177992610918995,164000.0
1815,1990-06-11,39.62,39.75,39.5,39.62,24500.0,7.194193879860599,98000.0
1816,1990-06-12,39.62,39.88,39.5,39.62,35300.0,7.194193879860599,141200.0
1817,1990-06-13,39.75,39.75,39.25,39.25,25600.0,7.1270093332794,102400.0
1818,1990-06-14,39.5,39.62,39.0,39.38,24400.0,7.150614714510598,97600.0
1819,1990-06-15,38.88,39.0,38.62,38.75,62700.0,7.0362194054669,250800.0
1820,1990-06-18,38.5,38.5,37.25,37.5,91500.0,6.8092445859357,366000.0
1821,1990-06-19,37.75,38.25,37.5,38.25,21700.0,6.9454294776543986,86800.0
1822,1990-06-20,38.12,38.38,37.62,38.0,20600.0,6.9000345137482,82400.0
1823,1990-06-21,38.0,38.12,37.75,37.88,30600.0,6.8782449310732,122400.0
1824,1990-06-22,38.0,38.75,37.88,38.25,57500.0,6.9454294776543986,230000.0
1825,1990-06-25,38.5,38.5,37.38,37.38,58200.0,6.787455003260701,232800.0
1826,1990-06-26,37.38,38.0,37.25,37.75,222700.0,6.854639549842,890800.0
1827,1990-06-27,37.88,38.12,37.75,38.0,24300.0,6.9000345137482,97200.0
1828,1990-06-28,38.0,38.38,38.0,38.12,34100.0,6.9218240964232,136400.0
1829,1990-06-29,38.0,38.0,37.75,37.88,46700.0,6.8782449310732,186800.0
1830,1990-07-02,37.88,38.0,37.5,38.0,145000.0,6.9000345137482,580000.0
1831,1990-07-03,38.12,38.12,37.75,37.75,44000.0,6.854639549842,176000.0
1832,1990-07-05,37.75,37.75,37.62,37.62,23900.0,6.8310341686107,95600.0
1833,1990-07-06,37.62,38.12,37.62,38.0,80100.0,6.9000345137482,320400.0
1834,1990-07-09,38.0,38.75,38.0,38.75,70100.0,7.0362194054669,280400.0
1835,1990-07-10,38.75,38.75,38.38,38.38,25700.0,6.969034858885701,102800.0
1836,1990-07-11,38.62,38.88,38.25,38.38,33900.0,6.969034858885701,135600.0
1837,1990-07-12,38.25,38.5,38.12,38.5,36000.0,6.9908244415607,144000.0
1838,1990-07-13,38.5,38.5,38.12,38.25,24900.0,6.9454294776543986,99600.0
1839,1990-07-16,38.12,38.75,38.0,38.62,55300.0,7.0212390673779,221200.0
1840,1990-07-17,38.38,38.62,38.12,38.5,38200.0,6.9994226849831,152800.0
1841,1990-07-18,38.25,38.5,38.0,38.38,42900.0,6.9776063025883,171600.0
1842,1990-07-19,38.12,38.75,38.0,38.75,38600.0,7.0448734816388,154400.0
1843,1990-07-20,38.75,39.12,38.5,38.88,157100.0,7.0685078958998,628400.0
1844,1990-07-23,38.88,39.0,38.75,38.88,75100.0,7.0685078958998,300400.0
1845,1990-07-24,38.88,39.25,38.88,39.0,44700.0,7.090324278294599,178800.0
1846,1990-07-25,39.25,39.75,39.25,39.75,32400.0,7.2266766682618,129600.0
1847,1990-07-26,39.88,39.88,39.5,39.62,57700.0,7.2030422540008,230800.0
1848,1990-07-27,39.5,39.62,39.12,39.12,62000.0,7.112140660689301,248000.0
1849,1990-07-30,39.0,39.0,38.75,39.0,18300.0,7.090324278294599,73200.0
1850,1990-07-31,38.88,39.75,38.88,39.38,5100.0,7.159409489211299,20400.0
1851,1990-08-01,39.25,39.62,39.12,39.25,64200.0,7.135775074950299,256800.0
1852,1990-08-02,38.88,39.0,38.75,38.88,61400.0,7.0685078958998,245600.0
1853,1990-08-03,38.75,38.75,38.38,38.62,36600.0,7.0212390673779,146400.0
1854,1990-08-06,38.12,38.12,36.62,36.88,47300.0,6.7049015226539,189200.0
1855,1990-08-07,37.25,37.25,36.5,36.75,34700.0,6.681267108393,138800.0
1856,1990-08-08,36.75,37.0,36.62,37.0,9300.0,6.726717905048702,37200.0
1857,1990-08-09,36.88,37.0,36.75,36.75,9800.0,6.681267108393,39200.0
1858,1990-08-10,36.62,37.0,36.5,36.88,47900.0,6.7049015226539,191600.0
1859,1990-08-13,36.88,37.62,36.88,37.5,31300.0,6.8176194983602,125200.0
1860,1990-08-14,37.75,38.25,37.75,38.12,65600.0,6.9303374740664,262400.0
1861,1990-08-15,38.12,38.38,38.0,38.0,64100.0,6.9085210916716,256400.0
1862,1990-08-16,37.88,38.0,37.5,37.5,62600.0,6.8176194983602,250400.0
1863,1990-08-17,37.38,37.75,37.0,37.0,91600.0,6.726717905048702,366400.0
1864,1990-08-20,37.0,38.38,37.0,38.0,35000.0,6.9085210916716,140000.0
1865,1990-08-21,37.38,37.88,37.25,37.75,23900.0,6.8630702950159,95600.0
1866,1990-08-22,37.75,37.88,37.5,37.5,36600.0,6.8176194983602,146400.0
1867,1990-08-23,37.0,37.25,36.75,37.0,76100.0,6.726717905048702,304400.0
1868,1990-08-24,37.0,37.12,35.0,35.25,253000.0,6.4085623284586,1012000.0
1869,1990-08-27,35.25,35.88,35.25,35.75,220700.0,6.499463921769999,882800.0
1870,1990-08-28,35.75,36.25,35.62,36.0,66000.0,6.544914718425798,264000.0
1871,1990-08-29,36.0,36.12,35.75,35.75,23400.0,6.499463921769999,93600.0
1872,1990-08-30,35.75,35.75,35.62,35.62,43900.0,6.475829507509,175600.0
1873,1990-08-31,35.62,36.0,35.62,36.0,56900.0,6.544914718425798,227600.0
1874,1990-09-04,35.75,36.0,35.62,36.0,38200.0,6.544914718425798,152800.0
1875,1990-09-05,35.88,36.5,35.88,36.38,16900.0,6.6139999293425,67600.0
1876,1990-09-06,36.38,36.5,36.12,36.5,84100.0,6.6358163117372,336400.0
1877,1990-09-07,36.5,37.25,36.5,37.12,107800.0,6.748534287443402,431200.0
1878,1990-09-10,37.38,37.5,36.88,36.88,39700.0,6.7049015226539,158800.0
1879,1990-09-11,36.88,37.0,36.62,36.62,45100.0,6.657632694132,180400.0
1880,1990-09-12,36.62,36.88,36.62,36.88,53700.0,6.7049015226539,214800.0
1881,1990-09-13,36.88,37.0,36.75,36.88,38000.0,6.7049015226539,152000.0
1882,1990-09-14,36.88,36.88,36.62,36.88,23000.0,6.7049015226539,92000.0
1883,1990-09-17,36.88,37.5,36.75,37.25,38300.0,6.772168701704401,153200.0
1884,1990-09-18,37.5,37.5,37.0,37.25,32300.0,6.772168701704401,129200.0
1885,1990-09-19,37.25,37.25,36.75,36.88,27400.0,6.7049015226539,109600.0
1886,1990-09-20,36.88,36.88,36.25,36.38,30300.0,6.6139999293425,121200.0
1887,1990-09-21,37.0,37.0,34.62,34.88,184200.0,6.3412951494081,736800.0
1888,1990-09-24,34.75,34.75,34.0,34.38,48700.0,6.250393556096599,194800.0
1889,1990-09-25,34.62,34.75,34.5,34.62,65900.0,6.2940263208861,263600.0
1890,1990-09-26,34.88,35.25,34.62,35.25,43500.0,6.4085623284586,174000.0
1891,1990-09-27,35.38,35.5,34.88,35.12,31800.0,6.3849279141976,127200.0
1892,1990-09-28,35.0,35.5,34.75,35.5,17200.0,6.4540131251143,68800.0
1893,1990-10-01,35.5,35.62,35.0,35.12,54100.0,6.3849279141976,216400.0
1894,1990-10-02,35.12,35.62,35.12,35.62,71500.0,6.475829507509,286000.0
1895,1990-10-03,35.5,35.5,34.38,34.38,53400.0,6.250393556096599,213600.0
1896,1990-10-04,34.5,35.12,34.38,35.0,33200.0,6.3631115318028,132800.0
1897,1990-10-05,35.12,35.12,34.25,34.5,31700.0,6.2722099384913,126800.0
1898,1990-10-08,34.5,34.5,34.0,34.0,26000.0,6.1813083451799,104000.0
1899,1990-10-09,34.25,34.38,33.5,33.5,31100.0,6.0904067518684,124400.0
1900,1990-10-10,33.5,33.5,32.5,32.5,61100.0,5.9086035652455,244400.0
1901,1990-10-11,32.5,33.0,31.62,32.0,50200.0,5.817701971934,200800.0
1902,1990-10-12,32.12,32.62,31.75,32.62,135500.0,5.9304199476402,542000.0
1903,1990-10-15,32.38,32.62,32.0,32.12,25500.0,5.8481540056933,102000.0
1904,1990-10-16,32.25,32.25,30.0,30.0,43900.0,5.462161275554202,175600.0
1905,1990-10-17,30.0,30.88,28.0,28.0,76000.0,5.0980171905172,304000.0
1906,1990-10-18,28.0,30.62,28.0,30.5,89600.0,5.553197296813401,358400.0
1907,1990-10-19,31.25,31.75,31.12,31.25,57600.0,5.6897513287022985,230400.0
1908,1990-10-22,31.0,31.0,30.5,30.75,116900.0,5.598715307443,467600.0
1909,1990-10-23,30.75,31.38,30.75,31.38,70400.0,5.7134206942297014,281600.0
1910,1990-10-24,31.25,31.62,31.12,31.38,24600.0,5.7134206942297014,98400.0
1911,1990-10-25,31.25,31.38,31.12,31.12,25200.0,5.6660819631749,100800.0
1912,1990-10-26,31.0,31.0,30.75,30.75,46000.0,5.598715307443,184000.0
1913,1990-10-29,30.5,30.88,29.88,30.5,126100.0,5.553197296813401,504400.0
1914,1990-10-30,30.62,30.88,30.5,30.75,16400.0,5.598715307443,65600.0
1915,1990-10-31,30.62,31.38,30.62,31.38,30700.0,5.7134206942297014,122800.0
1916,1990-11-01,31.5,32.38,31.25,32.25,28300.0,5.8718233712207,113200.0
1917,1990-11-02,32.25,32.75,32.25,32.5,24300.0,5.9173413818504,97200.0
1918,1990-11-05,32.38,32.88,32.38,32.88,25200.0,5.9865287580074,100800.0
1919,1990-11-06,32.88,32.88,32.12,32.25,14500.0,5.8718233712207,58000.0
1920,1990-11-07,32.5,32.62,32.0,32.0,23500.0,5.826305360591098,94000.0
1921,1990-11-08,32.12,32.88,32.0,32.38,26500.0,5.895492736748201,106000.0
1922,1990-11-09,32.62,33.12,32.62,33.12,38100.0,6.0302260482118,152400.0
1923,1990-11-12,33.12,33.25,33.0,33.25,19300.0,6.0538954137392,77200.0
1924,1990-11-13,33.25,33.38,32.75,33.12,72200.0,6.0302260482118,288800.0
1925,1990-11-14,33.25,33.5,33.12,33.25,54200.0,6.0538954137392,216800.0
1926,1990-11-15,33.5,34.12,33.5,34.12,53000.0,6.2122980907303,212000.0
1927,1990-11-16,34.0,34.38,34.0,34.38,45600.0,6.2596368217851,182400.0
1928,1990-11-19,35.0,35.12,34.88,35.12,67000.0,6.3943701332488,268000.0
1929,1990-11-20,35.12,35.12,34.88,34.88,49600.0,6.3506728430443005,198400.0
1930,1990-11-21,34.75,35.0,34.75,34.75,44300.0,6.3270034775169,177200.0
1931,1990-11-23,34.5,35.0,34.5,34.88,6400.0,6.3506728430443005,25600.0
1932,1990-11-26,34.88,35.25,34.75,35.12,19600.0,6.3943701332488,78400.0
1933,1990-11-27,35.12,35.25,34.62,34.62,36700.0,6.303334111989501,146800.0
1934,1990-11-28,34.75,34.75,34.38,34.5,17000.0,6.2814854668873,68000.0
1935,1990-11-29,34.25,34.38,33.75,33.88,12000.0,6.1686008005259,48000.0
1936,1990-11-30,33.75,35.0,33.62,34.88,18200.0,6.3506728430443005,72800.0
1937,1990-12-03,35.0,35.5,35.0,35.38,37300.0,6.4417088643036,149200.0
1938,1990-12-04,35.25,35.38,34.75,35.38,44900.0,6.4417088643036,179600.0
1939,1990-12-05,35.25,35.5,35.25,35.38,15400.0,6.4417088643036,61600.0
1940,1990-12-06,35.62,35.62,35.25,35.25,54000.0,6.4180394987762,216000.0
1941,1990-12-07,35.25,35.62,35.0,35.0,36900.0,6.372521488146501,147600.0
1942,1990-12-10,35.0,35.0,34.75,34.88,24500.0,6.3506728430443005,98000.0
1943,1990-12-11,35.0,35.0,34.62,34.75,19600.0,6.3270034775169,78400.0
1944,1990-12-12,35.0,35.5,34.88,35.5,24500.0,6.4635575094058,98000.0
1945,1990-12-13,35.38,35.62,35.0,35.0,24300.0,6.372521488146501,97200.0
1946,1990-12-14,34.88,35.0,34.62,34.75,15600.0,6.3270034775169,62400.0
1947,1990-12-17,34.5,34.75,34.5,34.62,15400.0,6.303334111989501,61600.0
1948,1990-12-18,34.62,35.12,34.5,35.12,21700.0,6.3943701332488,86800.0
1949,1990-12-19,35.38,35.38,35.0,35.12,13700.0,6.3943701332488,54800.0
1950,1990-12-20,35.0,35.25,34.5,34.5,30000.0,6.2814854668873,120000.0
1951,1990-12-21,33.88,33.88,32.62,32.75,98300.0,5.96285939248,393200.0
1952,1990-12-24,32.75,32.75,32.5,32.5,19900.0,5.9173413818504,79600.0
1953,1990-12-26,32.5,32.75,32.38,32.5,5500.0,5.9173413818504,22000.0
1954,1990-12-27,32.62,32.62,31.5,31.5,58500.0,5.7352693393319,234000.0
1955,1990-12-28,31.5,31.5,31.0,31.12,99600.0,5.6660819631749,398400.0
1956,1990-12-31,31.25,31.25,30.88,31.0,100200.0,5.6442333180727005,400800.0
1957,1991-01-02,31.25,31.75,30.88,31.62,49700.0,5.7571179844341,198800.0
1958,1991-01-03,31.62,31.75,31.5,31.5,58100.0,5.7352693393319,232400.0
1959,1991-01-04,31.62,31.75,31.38,31.62,12800.0,5.7571179844341,51200.0
1960,1991-01-07,31.5,31.5,31.25,31.38,29600.0,5.7134206942297014,118400.0
1961,1991-01-08,31.5,32.25,31.0,32.25,31800.0,5.8718233712207,127200.0
1962,1991-01-09,32.38,33.25,32.38,32.5,100500.0,5.9173413818504,402000.0
1963,1991-01-10,32.62,32.88,32.62,32.75,30600.0,5.96285939248,122400.0
1964,1991-01-11,33.0,33.12,32.88,33.0,31600.0,6.0083774031095984,126400.0
1965,1991-01-14,33.0,33.0,32.88,33.0,17900.0,6.017936185341799,71600.0
1966,1991-01-15,32.88,33.0,32.75,33.0,18600.0,6.017936185341799,74400.0
1967,1991-01-16,32.88,33.0,32.75,32.88,77200.0,5.9960527810315005,308800.0
1968,1991-01-17,33.25,33.5,33.12,33.12,49700.0,6.0398195896522,198800.0
1969,1991-01-18,33.12,33.12,32.88,33.12,73600.0,6.0398195896522,294400.0
1970,1991-01-21,32.88,33.12,32.75,33.0,55300.0,6.017936185341799,221200.0
1971,1991-01-22,33.0,33.25,32.88,33.25,103600.0,6.0635266109884,414400.0
1972,1991-01-23,33.25,33.38,33.12,33.38,26000.0,6.0872336323245,104000.0
1973,1991-01-24,33.5,34.0,33.5,34.0,65200.0,6.200297887927902,260800.0
1974,1991-01-25,33.88,34.38,33.5,33.5,155700.0,6.109117036634902,622800.0
1975,1991-01-28,33.25,33.38,32.88,33.0,40600.0,6.017936185341799,162400.0
1976,1991-01-29,32.75,32.75,32.38,32.75,20300.0,5.9723457596953,81200.0
1977,1991-01-30,32.88,33.38,32.38,33.38,98600.0,6.0872336323245,394400.0
1978,1991-01-31,33.5,34.0,33.38,34.0,84400.0,6.200297887927902,337600.0
1979,1991-02-01,33.75,33.75,33.38,33.62,83900.0,6.1310004409452,335600.0
1980,1991-02-04,33.38,34.38,33.38,34.38,106900.0,6.269595334910702,427600.0
1981,1991-02-05,34.25,34.88,34.25,34.88,81900.0,6.3607761862037,327600.0
1982,1991-02-06,35.0,36.5,34.88,36.38,101600.0,6.6343187400829,406400.0
1983,1991-02-07,36.62,37.62,36.0,36.5,87300.0,6.6562021443932,349200.0
1984,1991-02-08,36.25,36.5,35.88,36.12,92900.0,6.5869046974105,371600.0
1985,1991-02-11,36.0,37.0,36.0,36.88,106600.0,6.725499591376,426400.0
1986,1991-02-12,36.75,38.5,36.75,38.0,64500.0,6.9297446982724,258000.0
1987,1991-02-13,38.75,38.88,37.62,38.25,118400.0,6.9753351239189,473600.0
1988,1991-02-14,38.0,38.12,37.5,37.88,112300.0,6.9078612939621,449200.0
1989,1991-02-15,37.62,38.38,37.5,38.12,86500.0,6.9516281025827,346000.0
1990,1991-02-19,38.0,38.75,38.0,38.5,50900.0,7.0209255495655,203600.0
1991,1991-02-20,38.38,38.5,37.5,37.5,61300.0,6.8385638469793,245200.0
1992,1991-02-21,37.38,37.38,37.0,37.12,40300.0,6.7692663999966,161200.0
1993,1991-02-22,36.75,37.62,36.75,37.25,61000.0,6.792973421332801,244000.0
1994,1991-02-25,37.5,37.88,37.5,37.88,30700.0,6.9078612939621,122800.0
1995,1991-02-26,37.88,37.88,37.62,37.62,12400.0,6.8604472512897,49600.0
1996,1991-02-27,37.5,37.88,37.5,37.75,94600.0,6.8841542726259,378400.0
1997,1991-02-28,37.88,38.62,37.88,38.25,44400.0,6.9753351239189,177600.0
1998,1991-03-01,38.0,38.38,37.88,38.38,50600.0,6.9990421452551,202400.0
1999,1991-03-04,38.38,38.88,38.25,38.88,78800.0,7.090222996548199,315200.0
2000,1991-03-05,39.0,40.38,38.88,40.38,153700.0,7.363765550427399,614800.0
2001,1991-03-06,40.62,40.88,40.25,40.62,69300.0,7.407532359048001,277200.0
2002,1991-03-07,40.88,40.88,40.38,40.5,103000.0,7.3856489547377,412000.0
2003,1991-03-08,40.38,40.62,40.25,40.62,119800.0,7.407532359048001,479200.0
2004,1991-03-11,40.38,40.5,39.88,39.88,29500.0,7.2725846991343,118000.0
2005,1991-03-12,39.88,40.62,39.88,40.5,102000.0,7.3856489547377,408000.0
2006,1991-03-13,40.5,41.25,40.5,41.12,77900.0,7.4987132103411,311600.0
2007,1991-03-14,41.12,41.88,40.12,40.12,86800.0,7.316351507755001,347200.0
2008,1991-03-15,40.12,41.25,40.0,41.25,70600.0,7.5224202316773,282400.0
2009,1991-03-18,41.12,41.12,40.62,40.88,30800.0,7.4549464017204,123200.0
2010,1991-03-19,40.62,40.88,40.5,40.5,13000.0,7.3856489547377,52000.0
2011,1991-03-20,40.25,40.62,40.25,40.62,22100.0,7.407532359048001,88400.0
2012,1991-03-21,40.38,41.25,40.38,40.38,76400.0,7.363765550427399,305600.0
2013,1991-03-22,40.5,40.88,40.38,40.88,62100.0,7.4549464017204,248400.0
2014,1991-03-25,40.75,41.75,40.75,41.5,73800.0,7.5680106573238,295200.0
2015,1991-03-26,41.38,41.88,41.0,41.25,97800.0,7.5224202316773,391200.0
2016,1991-03-27,41.25,41.38,40.38,40.38,62700.0,7.363765550427399,250800.0
2017,1991-03-28,40.62,40.75,40.25,40.5,44100.0,7.3856489547377,176400.0
2018,1991-04-01,40.25,40.62,40.12,40.38,26300.0,7.363765550427399,105200.0
2019,1991-04-02,40.62,41.5,40.62,41.5,66900.0,7.5680106573238,267600.0
2020,1991-04-03,41.88,41.88,41.0,41.12,59400.0,7.4987132103411,237600.0
2021,1991-04-04,41.38,41.75,41.25,41.75,31900.0,7.6136010829703,127600.0
2022,1991-04-05,42.0,42.0,41.12,41.12,49700.0,7.4987132103411,198800.0
2023,1991-04-08,41.25,41.62,41.12,41.5,28000.0,7.5680106573238,112000.0
2024,1991-04-09,41.25,41.75,40.88,41.0,27800.0,7.4768298060307,111200.0
2025,1991-04-10,41.12,41.12,40.88,41.0,31700.0,7.4768298060307,126800.0
2026,1991-04-11,41.12,42.0,41.0,41.75,33800.0,7.6136010829703,135200.0
2027,1991-04-12,41.88,42.0,41.62,41.88,31900.0,7.6373081043065,127600.0
2028,1991-04-15,42.0,42.25,41.75,41.75,36100.0,7.6231750723561,144400.0
2029,1991-04-16,42.0,42.0,41.38,42.0,20900.0,7.6688228272804,83600.0
2030,1991-04-17,41.75,41.88,41.62,41.88,37300.0,7.6469119049167,149200.0
2031,1991-04-18,42.0,42.0,41.62,41.88,32700.0,7.6469119049167,130800.0
2032,1991-04-19,41.5,41.5,40.25,40.25,73000.0,7.349288542810402,292000.0
2033,1991-04-22,39.75,40.75,39.75,40.38,76000.0,7.373025375370999,304000.0
2034,1991-04-23,40.62,41.38,40.62,40.62,30900.0,7.4168472200983,123600.0
2035,1991-04-24,40.75,41.25,40.75,41.0,157600.0,7.486231807583199,630400.0
2036,1991-04-25,40.88,41.12,40.88,41.12,21600.0,7.5081427299469015,86400.0
2037,1991-04-26,40.88,41.12,40.88,41.0,34900.0,7.486231807583199,139600.0
2038,1991-04-29,41.12,41.62,40.62,40.62,26200.0,7.4168472200983,104800.0
2039,1991-04-30,40.5,41.25,40.5,41.12,25200.0,7.5081427299469015,100800.0
2040,1991-05-01,40.88,41.0,40.75,40.75,29100.0,7.440584052659,116400.0
2041,1991-05-02,41.0,41.38,40.88,41.0,36900.0,7.486231807583199,147600.0
2042,1991-05-03,41.0,41.75,41.0,41.5,22400.0,7.577527317431801,89600.0
2043,1991-05-06,42.0,42.25,41.62,41.62,27700.0,7.5994382397955,110800.0
2044,1991-05-07,41.5,41.62,41.5,41.5,9100.0,7.577527317431801,36400.0
2045,1991-05-08,41.75,41.75,41.0,41.38,38300.0,7.5556163950682,153200.0
2046,1991-05-09,41.25,42.0,41.25,42.0,25600.0,7.6688228272804,102400.0
2047,1991-05-10,42.0,42.0,41.38,41.38,25800.0,7.5556163950682,103200.0
2048,1991-05-13,41.5,41.5,41.0,41.38,17400.0,7.5556163950682,69600.0
2049,1991-05-14,41.5,41.5,41.0,41.0,38400.0,7.486231807583199,153600.0
2050,1991-05-15,41.0,41.25,40.5,40.88,35400.0,7.4643208852196015,141600.0
2051,1991-05-16,40.88,41.0,40.75,41.0,21600.0,7.486231807583199,86400.0
2052,1991-05-17,41.0,41.25,40.75,41.25,26900.0,7.531879562507499,107600.0
2053,1991-05-20,41.12,41.12,40.62,40.88,11100.0,7.4643208852196015,44400.0
2054,1991-05-21,40.75,41.0,40.5,41.0,40800.0,7.486231807583199,163200.0
2055,1991-05-22,40.75,41.25,40.62,41.25,43000.0,7.531879562507499,172000.0
2056,1991-05-23,41.0,41.62,40.88,40.88,37200.0,7.4643208852196015,148800.0
2057,1991-05-24,41.0,41.38,41.0,41.25,22300.0,7.531879562507499,89200.0
2058,1991-05-28,41.0,41.25,41.0,41.12,31700.0,7.5081427299469015,126800.0
2059,1991-05-29,41.25,41.25,41.0,41.12,23600.0,7.5081427299469015,94400.0
2060,1991-05-30,41.25,41.25,40.88,41.25,57400.0,7.531879562507499,229600.0
2061,1991-05-31,41.38,41.38,41.12,41.38,29600.0,7.5556163950682,118400.0
2062,1991-06-03,41.5,43.0,41.38,42.88,129900.0,7.8295029246139,519600.0
2063,1991-06-04,42.88,44.25,42.88,44.12,117200.0,8.055915789038401,468800.0
2064,1991-06-05,44.38,44.62,43.5,43.5,60700.0,7.942709356826099,242800.0
2065,1991-06-06,43.25,43.25,42.5,42.62,28300.0,7.7820292594926,113200.0
2066,1991-06-07,42.75,42.75,42.0,42.0,25700.0,7.6688228272804,102800.0
2067,1991-06-10,42.12,42.12,41.88,41.88,7900.0,7.6469119049167,31600.0
2068,1991-06-11,41.88,42.0,41.5,41.62,24000.0,7.5994382397955,96000.0
2069,1991-06-12,41.38,41.38,40.25,40.75,76100.0,7.440584052659,304400.0
2070,1991-06-13,41.0,41.62,41.0,41.62,51100.0,7.5994382397955,204400.0
2071,1991-06-14,41.75,42.25,41.75,41.75,32300.0,7.6231750723561,129200.0
2072,1991-06-17,41.75,41.75,40.75,40.75,31600.0,7.440584052659,126400.0
2073,1991-06-18,40.88,41.12,40.62,40.62,41000.0,7.4168472200983,164000.0
2074,1991-06-19,40.5,40.5,39.88,39.88,61000.0,7.2817298655224,244000.0
2075,1991-06-20,40.0,40.12,39.88,40.0,47900.0,7.3036407878861,191600.0
2076,1991-06-21,40.38,40.38,40.0,40.25,39300.0,7.349288542810402,157200.0
2077,1991-06-24,40.12,40.12,39.62,39.88,11000.0,7.2817298655224,44000.0
2078,1991-06-25,40.12,40.12,39.5,39.88,52400.0,7.2817298655224,209600.0
2079,1991-06-26,39.62,40.25,39.5,39.75,35600.0,7.2579930329618,142400.0
2080,1991-06-27,40.0,40.75,39.88,40.75,34200.0,7.440584052659,136800.0
2081,1991-06-28,40.5,40.88,40.0,40.25,45000.0,7.349288542810402,180000.0
2082,1991-07-01,40.25,40.75,40.0,40.75,32800.0,7.440584052659,131200.0
2083,1991-07-02,40.5,41.0,40.5,40.88,22100.0,7.4643208852196015,88400.0
2084,1991-07-03,40.62,40.62,39.0,39.38,87300.0,7.190434355673901,349200.0
2085,1991-07-05,39.62,39.75,39.38,39.5,9600.0,7.212345278037501,38400.0
2086,1991-07-08,39.38,40.12,39.0,40.12,20400.0,7.325551710249702,81600.0
2087,1991-07-09,40.12,41.0,40.12,40.88,39900.0,7.4643208852196015,159600.0
2088,1991-07-10,41.0,41.0,40.62,40.88,32800.0,7.4643208852196015,131200.0
2089,1991-07-11,40.88,41.0,40.62,40.62,19000.0,7.4168472200983,76000.0
2090,1991-07-12,41.0,41.62,41.0,41.38,24000.0,7.5556163950682,96000.0
2091,1991-07-15,41.38,41.62,41.25,41.38,12300.0,7.5652024236023,49200.0
2092,1991-07-16,41.12,41.75,41.12,41.38,16900.0,7.5652024236023,67600.0
2093,1991-07-17,41.12,41.38,40.5,40.5,42800.0,7.4043184667929,171200.0
2094,1991-07-18,40.5,40.62,40.5,40.5,7500.0,7.4043184667929,30000.0
2095,1991-07-19,40.25,40.62,40.25,40.38,25100.0,7.3823797454098,100400.0
2096,1991-07-22,40.12,40.38,40.12,40.25,12100.0,7.3586127972448,48400.0
2097,1991-07-23,40.25,40.5,40.12,40.12,13700.0,7.3348458490798,54800.0
2098,1991-07-24,40.12,40.25,39.75,40.0,25900.0,7.3129071276967,103600.0
2099,1991-07-25,40.0,40.75,40.0,40.12,51700.0,7.3348458490798,206800.0
2100,1991-07-26,40.25,40.25,39.75,40.0,31300.0,7.3129071276967,125200.0
2101,1991-07-29,40.25,40.25,39.75,40.0,21500.0,7.3129071276967,86000.0
2102,1991-07-30,40.12,40.5,40.0,40.5,49200.0,7.4043184667929,196800.0
2103,1991-07-31,40.38,40.5,40.12,40.12,49200.0,7.3348458490798,196800.0
2104,1991-08-01,39.88,40.75,39.75,40.5,29600.0,7.4043184667929,118400.0
2105,1991-08-02,40.75,40.88,40.5,40.5,37800.0,7.4043184667929,151200.0
2106,1991-08-05,40.62,40.75,40.62,40.62,8600.0,7.426257188176,34400.0
2107,1991-08-06,40.62,41.25,40.62,41.12,22800.0,7.517668527272201,91200.0
2108,1991-08-07,41.38,41.38,40.88,41.0,41300.0,7.4957298058891,165200.0
2109,1991-08-08,41.25,41.38,41.12,41.25,25900.0,7.5414354754372,103600.0
2110,1991-08-09,41.0,41.5,41.0,41.25,20600.0,7.5414354754372,82400.0
2111,1991-08-12,41.5,41.5,41.38,41.5,22400.0,7.5871411449854,89600.0
2112,1991-08-13,41.5,42.0,41.38,41.88,53000.0,7.6566137626985,212000.0
2113,1991-08-14,42.0,42.38,42.0,42.12,62100.0,7.700491205464702,248400.0
2114,1991-08-15,42.12,42.38,42.12,42.38,58000.0,7.748025101794701,232000.0
2115,1991-08-16,43.0,43.0,42.0,42.62,81600.0,7.791902544560901,326400.0
2116,1991-08-19,41.75,42.25,41.62,42.12,55800.0,7.700491205464702,223200.0
2117,1991-08-20,42.25,42.88,42.25,42.5,38200.0,7.7699638231778,152800.0
2118,1991-08-21,42.75,42.88,42.5,42.75,110700.0,7.815669492725902,442800.0
2119,1991-08-22,43.0,43.0,42.5,42.62,65800.0,7.791902544560901,263200.0
2120,1991-08-23,42.62,42.75,42.5,42.62,27000.0,7.791902544560901,108000.0
2121,1991-08-26,42.5,42.62,42.5,42.62,60900.0,7.791902544560901,243600.0
2122,1991-08-27,42.5,42.62,42.38,42.38,48900.0,7.748025101794701,195600.0
2123,1991-08-28,42.5,42.88,42.38,42.88,59100.0,7.8394364408909,236400.0
2124,1991-08-29,42.88,43.0,42.62,43.0,45800.0,7.861375162273999,183200.0
2125,1991-08-30,43.12,43.12,42.5,42.75,47700.0,7.815669492725902,190800.0
2126,1991-09-03,43.12,43.75,43.0,43.38,57000.0,7.930847779987099,228000.0
2127,1991-09-04,43.62,44.0,43.38,43.62,21200.0,7.9747252227533,84800.0
2128,1991-09-05,43.5,43.75,43.12,43.38,12600.0,7.930847779987099,50400.0
2129,1991-09-06,43.62,43.75,43.0,43.62,13500.0,7.9747252227533,54000.0
2130,1991-09-09,43.38,44.38,43.38,44.0,42300.0,8.044197840466401,169200.0
2131,1991-09-10,44.12,44.25,43.25,43.25,80400.0,7.9070808318221,321600.0
2132,1991-09-11,43.5,43.5,42.75,43.12,15600.0,7.8833138836571015,62400.0
2133,1991-09-12,42.88,43.5,42.88,43.25,10600.0,7.9070808318221,42400.0
2134,1991-09-13,43.5,43.5,42.75,42.88,72700.0,7.8394364408909,290800.0
2135,1991-09-16,42.62,43.0,42.38,42.5,55000.0,7.7699638231778,220000.0
2136,1991-09-17,42.75,42.88,42.38,42.75,47500.0,7.815669492725902,190000.0
2137,1991-09-18,42.62,42.88,42.5,42.75,6000.0,7.815669492725902,24000.0
2138,1991-09-19,43.0,43.38,42.75,43.38,53200.0,7.930847779987099,212800.0
2139,1991-09-20,43.38,43.38,43.0,43.38,36800.0,7.930847779987099,147200.0
2140,1991-09-23,43.12,43.25,42.0,42.0,33500.0,7.678552484081599,134000.0
2141,1991-09-24,41.75,42.38,41.75,42.0,75200.0,7.678552484081599,300800.0
2142,1991-09-25,42.0,42.12,41.88,42.0,81600.0,7.678552484081599,326400.0
2143,1991-09-26,41.75,41.88,41.75,41.88,83900.0,7.6566137626985,335600.0
2144,1991-09-27,41.62,41.75,41.25,41.38,31200.0,7.5652024236023,124800.0
2145,1991-09-30,41.25,41.25,40.75,41.0,28500.0,7.4957298058891,114000.0
2146,1991-10-01,40.75,41.62,40.75,41.62,23600.0,7.6090798663684,94400.0
2147,1991-10-02,41.75,41.88,41.0,41.12,48000.0,7.517668527272201,192000.0
2148,1991-10-03,41.25,41.25,40.75,41.0,125400.0,7.4957298058891,501600.0
2149,1991-10-04,40.88,40.88,40.5,40.62,68500.0,7.426257188176,274000.0
2150,1991-10-07,40.62,40.62,39.5,39.62,32800.0,7.243434509983599,131200.0
2151,1991-10-08,39.5,40.38,39.5,40.0,60700.0,7.3129071276967,242800.0
2152,1991-10-09,39.75,40.0,39.62,39.62,42700.0,7.243434509983599,170800.0
2153,1991-10-10,39.62,39.62,38.88,39.25,38500.0,7.175790119052402,154000.0
2154,1991-10-11,39.25,39.38,38.88,39.38,14600.0,7.2091552578225,58400.0
2155,1991-10-14,39.25,39.5,39.25,39.25,19800.0,7.1853566244168,79200.0
2156,1991-10-15,39.25,39.5,39.12,39.25,50000.0,7.1853566244168,200000.0
2157,1991-10-16,39.0,39.25,38.62,39.25,81000.0,7.1853566244168,324000.0
2158,1991-10-17,39.5,39.62,39.38,39.38,94400.0,7.2091552578225,377600.0
2159,1991-10-18,39.25,39.25,38.88,38.88,33600.0,7.1176220524159,134400.0
2160,1991-10-21,39.0,39.12,38.75,39.12,45100.0,7.1615579910111,180400.0
2161,1991-10-22,39.12,39.12,38.5,38.75,76700.0,7.0938234190102,306800.0
2162,1991-10-23,39.0,39.0,38.38,38.38,131300.0,7.0260888470094,525200.0
2163,1991-10-24,38.62,39.75,38.62,39.25,197700.0,7.1853566244168,790800.0
2164,1991-10-25,39.5,39.5,38.75,39.0,31200.0,7.1395900217135,124800.0
2165,1991-10-28,39.25,39.88,39.12,39.88,83400.0,7.3006884632291,333600.0
2166,1991-10-29,40.12,40.12,39.62,40.0,60900.0,7.3226564325267,243600.0
2167,1991-10-30,39.88,40.75,39.88,40.62,93100.0,7.436157607230902,372400.0
2168,1991-10-31,40.62,40.75,40.38,40.62,22900.0,7.436157607230902,91600.0
2169,1991-11-01,40.88,41.12,40.75,40.88,24400.0,7.4837548740423,97600.0
2170,1991-11-04,40.88,41.62,40.88,41.5,47000.0,7.5972560487464,188000.0
2171,1991-11-05,41.75,42.0,41.75,42.0,62100.0,7.688789254153,248400.0
2172,1991-11-06,41.88,42.75,41.75,42.62,51100.0,7.8022904288572015,204400.0
2173,1991-11-07,42.5,44.0,42.5,43.62,66600.0,7.9853568396704,266400.0
2174,1991-11-08,43.62,43.75,43.25,43.25,26500.0,7.9176222676695005,106000.0
2175,1991-11-11,43.25,43.25,42.75,43.0,75500.0,7.8718556649662,302000.0
2176,1991-11-12,43.0,43.5,43.0,43.5,82000.0,7.9633888703728,328000.0
2177,1991-11-13,43.38,43.5,43.38,43.5,22600.0,7.9633888703728,90400.0
2178,1991-11-14,43.38,43.88,43.25,43.38,68300.0,7.9414209010752,273200.0
2179,1991-11-15,43.5,44.0,43.38,44.0,73700.0,8.0549220757794,294800.0
2180,1991-11-18,43.75,43.88,43.0,43.5,91800.0,7.9633888703728,367200.0
2181,1991-11-19,43.5,43.5,41.62,42.25,66600.0,7.7345558568563,266400.0
2182,1991-11-20,42.25,43.75,42.25,43.0,99700.0,7.8718556649662,398800.0
2183,1991-11-21,42.75,43.0,42.5,43.0,25800.0,7.8718556649662,103200.0
2184,1991-11-22,43.0,44.0,43.0,44.0,126600.0,8.0549220757794,506400.0
2185,1991-11-25,43.75,43.75,43.62,43.62,22500.0,7.9853568396704,90000.0
2186,1991-11-26,43.5,44.12,43.38,43.75,83700.0,8.009155473076099,334800.0
2187,1991-11-27,43.5,45.0,43.5,44.88,71800.0,8.2160205172949,287200.0
2188,1991-11-29,44.62,45.25,44.62,45.0,26000.0,8.237988486592501,104000.0
2189,1991-12-02,44.75,45.5,44.5,45.25,24800.0,8.2837550892958,99200.0
2190,1991-12-03,45.0,46.5,45.0,46.25,68700.0,8.466821500109,274800.0
2191,1991-12-04,46.0,46.0,45.12,45.5,77700.0,8.3295216919991,310800.0
2192,1991-12-05,45.75,45.75,45.0,45.12,128100.0,8.2599564558901,512400.0
2193,1991-12-06,45.0,45.25,44.75,45.0,64100.0,8.237988486592501,256400.0
2194,1991-12-09,44.88,44.88,44.38,44.75,54400.0,8.1922218838892,217600.0
2195,1991-12-10,44.62,44.75,44.38,44.5,102400.0,8.1464552811859,409600.0
2196,1991-12-11,44.5,44.75,44.25,44.62,68300.0,8.1684232504835,273200.0
2197,1991-12-12,44.88,45.25,44.75,44.88,65300.0,8.2160205172949,261200.0
2198,1991-12-13,45.12,45.38,45.0,45.25,109200.0,8.2837550892958,436800.0
2199,1991-12-16,45.12,45.88,45.12,45.62,30400.0,8.3514896612967,121600.0
2200,1991-12-17,45.75,45.88,45.5,45.75,33900.0,8.3752882947024,135600.0
2201,1991-12-18,45.75,45.75,45.5,45.75,67900.0,8.3752882947024,271600.0
2202,1991-12-19,45.5,46.25,45.5,46.25,38900.0,8.466821500109,155600.0
2203,1991-12-20,46.75,46.88,46.38,46.62,106800.0,8.5345560721099,427200.0
2204,1991-12-23,47.0,48.12,46.88,48.12,50900.0,8.8091556883296,203600.0
2205,1991-12-24,48.0,48.5,47.88,48.38,41200.0,8.856752955141,164800.0
2206,1991-12-26,48.12,49.0,48.12,49.0,26600.0,8.9702541298452,106400.0
2207,1991-12-27,49.25,49.25,48.88,49.0,45700.0,8.9702541298452,182800.0
2208,1991-12-30,49.12,49.75,48.5,49.5,83900.0,9.0617873352518,335600.0
2209,1991-12-31,49.38,50.0,49.25,49.75,115500.0,9.1075539379551,462000.0
2210,1992-01-02,49.5,49.5,48.12,48.38,95100.0,8.856752955141,380400.0
2211,1992-01-03,48.25,48.75,48.12,48.75,48500.0,8.9244875271419,194000.0
2212,1992-01-06,48.5,48.75,48.38,48.5,49300.0,8.8787209244386,197200.0
2213,1992-01-07,48.25,48.88,48.25,48.88,81100.0,8.9482861605476,324400.0
2214,1992-01-08,48.75,49.25,48.5,49.0,35100.0,8.9702541298452,140400.0
2215,1992-01-09,49.25,50.25,49.12,49.62,94200.0,9.0837553045494,376800.0
2216,1992-01-10,49.5,50.5,49.5,50.25,78200.0,9.1990871433617,312800.0
2217,1992-01-13,50.0,51.5,49.88,51.5,40900.0,9.4279201568781,163600.0
2218,1992-01-14,51.38,51.75,49.25,51.12,67100.0,9.3583549207691,268400.0
2219,1992-01-15,51.0,51.75,50.75,51.5,80700.0,9.4279201568781,322800.0
2220,1992-01-16,51.5,51.62,51.12,51.12,52000.0,9.3583549207691,208000.0
2221,1992-01-17,51.25,51.25,50.25,50.5,58100.0,9.2448537460649,232400.0
2222,1992-01-20,50.5,50.5,49.5,49.5,63000.0,9.0617873352518,252000.0
2223,1992-01-21,49.5,49.75,49.38,49.62,35300.0,9.0837553045494,141200.0
2224,1992-01-22,50.0,51.75,49.88,51.75,81200.0,9.4736867595814,324800.0
2225,1992-01-23,51.75,51.75,50.62,50.62,33700.0,9.2668217153625,134800.0
2226,1992-01-24,50.5,51.5,50.12,51.25,55600.0,9.382153554174801,222400.0
2227,1992-01-27,51.25,51.5,51.0,51.38,79700.0,9.4059521875805,318800.0
2228,1992-01-28,51.12,52.0,51.12,52.0,74200.0,9.5194533622847,296800.0
2229,1992-01-29,51.75,52.0,50.0,50.12,89100.0,9.175288509955902,356400.0
2230,1992-01-30,49.88,50.75,49.88,50.0,71000.0,9.1533205406584,284000.0
2231,1992-01-31,50.0,50.0,49.0,49.5,32500.0,9.0617873352518,130000.0
2232,1992-02-03,49.5,49.5,49.0,49.5,76500.0,9.0617873352518,306000.0
2233,1992-02-04,49.5,50.5,49.38,50.12,60900.0,9.175288509955902,243600.0
2234,1992-02-05,50.0,51.25,49.88,51.12,55200.0,9.3583549207691,220800.0
2235,1992-02-06,51.38,51.38,50.75,51.25,48700.0,9.382153554174801,194800.0
2236,1992-02-07,51.5,51.5,50.5,50.75,81300.0,9.290620348768199,325200.0
2237,1992-02-10,50.75,51.0,50.25,50.5,92800.0,9.2448537460649,371200.0
2238,1992-02-11,50.75,50.75,50.25,50.62,55600.0,9.2668217153625,222400.0
2239,1992-02-12,50.38,50.62,50.25,50.5,17200.0,9.2448537460649,68800.0
2240,1992-02-13,50.5,50.5,49.75,49.88,19100.0,9.1313525713608,76400.0
2241,1992-02-14,49.75,50.25,49.75,50.0,29200.0,9.1533205406584,116800.0
2242,1992-02-18,50.0,50.38,49.75,49.75,52800.0,9.1075539379551,211200.0
2243,1992-02-19,49.88,50.25,49.75,50.0,53100.0,9.1533205406584,212400.0
2244,1992-02-20,50.25,51.38,50.25,51.38,34300.0,9.4059521875805,137200.0
2245,1992-02-21,51.12,51.38,51.0,51.0,44200.0,9.3363869514715,176800.0
2246,1992-02-24,50.75,51.0,50.5,51.0,77300.0,9.3363869514715,309200.0
2247,1992-02-25,50.88,51.0,50.5,50.88,47200.0,9.314418982173999,188800.0
2248,1992-02-26,50.62,51.12,50.62,51.12,22700.0,9.3583549207691,90800.0
2249,1992-02-27,50.88,51.0,50.5,50.5,117900.0,9.2448537460649,471600.0
2250,1992-02-28,50.75,50.75,50.0,50.5,12600.0,9.2448537460649,50400.0
2251,1992-03-02,50.75,50.75,50.25,50.38,21100.0,9.2228857767674,84400.0
2252,1992-03-03,50.38,50.5,50.12,50.38,32200.0,9.2228857767674,128800.0
2253,1992-03-04,50.25,50.5,50.25,50.38,38200.0,9.2228857767674,152800.0
2254,1992-03-05,50.5,50.62,50.25,50.38,33100.0,9.2228857767674,132400.0
2255,1992-03-06,50.38,50.5,50.38,50.38,14000.0,9.2228857767674,56000.0
2256,1992-03-09,50.38,50.5,50.38,50.5,23600.0,9.2448537460649,94400.0
2257,1992-03-10,50.75,50.75,50.5,50.62,90600.0,9.2668217153625,362400.0
2258,1992-03-11,50.5,50.75,50.5,50.62,41900.0,9.2668217153625,167600.0
2259,1992-03-12,50.62,51.25,50.62,51.25,69800.0,9.382153554174801,279200.0
2260,1992-03-13,51.25,51.38,50.88,50.88,21600.0,9.314418982173999,86400.0
2261,1992-03-16,51.0,51.0,50.62,50.62,11000.0,9.2668217153625,44000.0
2262,1992-03-17,50.88,51.5,50.88,51.5,29400.0,9.4279201568781,117600.0
2263,1992-03-18,51.62,52.0,51.38,51.88,21800.0,9.4974853929871,87200.0
2264,1992-03-19,52.0,53.12,51.88,53.12,85200.0,9.7244877423954,340800.0
2265,1992-03-20,53.38,53.5,52.5,52.88,59800.0,9.6805518038003,239200.0
2266,1992-03-23,52.62,52.75,51.88,52.12,46200.0,9.5414213315823,184800.0
2267,1992-03-24,52.38,52.75,52.25,52.38,25000.0,9.589018598393698,100000.0
2268,1992-03-25,52.62,53.38,52.5,52.75,72300.0,9.6567531703946,289200.0
2269,1992-03-26,53.0,53.12,52.75,53.12,62600.0,9.7244877423954,250400.0
2270,1992-03-27,53.25,53.25,52.5,52.5,49600.0,9.6109865676913,198400.0
2271,1992-03-30,52.38,52.62,51.88,51.88,19000.0,9.4974853929871,76000.0
2272,1992-03-31,51.75,52.12,51.75,51.88,26700.0,9.4974853929871,106800.0
2273,1992-04-01,51.5,51.62,51.38,51.5,29000.0,9.4279201568781,116000.0
2274,1992-04-02,51.62,51.62,51.5,51.62,31800.0,9.449888126175699,127200.0
2275,1992-04-03,51.5,51.75,51.5,51.75,27500.0,9.4736867595814,110000.0
2276,1992-04-06,51.62,52.25,51.62,52.0,147200.0,9.5194533622847,588800.0
2277,1992-04-07,52.25,52.38,50.75,50.75,66600.0,9.290620348768199,266400.0
2278,1992-04-08,50.75,50.75,49.62,49.62,51400.0,9.0837553045494,205600.0
2279,1992-04-09,49.88,49.88,49.75,49.75,62100.0,9.1075539379551,248400.0
2280,1992-04-10,49.75,50.0,49.5,49.88,15700.0,9.142794222036601,62800.0
2281,1992-04-13,50.12,50.25,49.88,50.0,18300.0,9.164789717358303,73200.0
2282,1992-04-14,50.0,50.12,49.5,49.5,29200.0,9.073141820184699,116800.0
2283,1992-04-15,49.62,49.75,49.0,49.38,57900.0,9.051146324863,231600.0
2284,1992-04-16,49.38,49.38,48.25,48.75,30000.0,8.9356699744243,120000.0
2285,1992-04-20,48.5,49.0,48.38,48.62,88000.0,8.9118415211592,352000.0
2286,1992-04-21,48.75,48.88,48.25,48.5,34100.0,8.8898460258375,136400.0
2287,1992-04-22,48.62,50.38,48.62,50.38,30400.0,9.234442119210199,121600.0
2288,1992-04-23,50.38,50.38,49.25,49.25,35300.0,9.0273178715979,141200.0
2289,1992-04-24,49.0,49.0,48.38,48.38,20000.0,8.8678505305159,80000.0
2290,1992-04-27,48.38,48.38,46.38,46.5,51100.0,8.523254437143201,204400.0
2291,1992-04-28,46.5,47.0,46.25,46.75,78600.0,8.56907838573,314400.0
2292,1992-04-29,46.75,47.12,46.62,46.62,23300.0,8.5452499324648,93200.0
2293,1992-04-30,46.75,46.75,46.5,46.75,30800.0,8.56907838573,123200.0
2294,1992-05-01,46.62,47.5,46.38,47.0,27600.0,8.614902334316799,110400.0
2295,1992-05-04,46.88,47.62,46.5,46.5,39000.0,8.523254437143201,156000.0
2296,1992-05-05,46.38,46.75,46.38,46.62,60100.0,8.5452499324648,240400.0
2297,1992-05-06,46.88,47.12,46.75,47.12,43400.0,8.6368978296384,173600.0
2298,1992-05-07,47.0,47.25,46.88,47.25,49200.0,8.6607262829036,196800.0
2299,1992-05-08,47.12,47.38,46.75,46.88,26400.0,8.592906838995098,105600.0
2300,1992-05-11,23.5,23.62,23.25,23.25,74200.0,8.523254437143201,148400.0
2301,1992-05-12,23.25,23.38,22.62,22.88,130300.0,8.3876155493263,260600.0
2302,1992-05-13,22.88,23.25,22.88,23.12,165900.0,8.4755975306129,331800.0
2303,1992-05-14,23.12,23.12,22.88,23.0,138400.0,8.4316065399696,276800.0
2304,1992-05-15,22.75,23.0,22.75,22.88,135300.0,8.3876155493263,270600.0
2305,1992-05-18,23.0,23.75,23.0,23.5,119800.0,8.614902334316799,239600.0
2306,1992-05-19,23.62,24.5,23.62,24.5,113300.0,8.981493923011099,226600.0
2307,1992-05-20,24.5,24.75,24.25,24.25,80400.0,8.8898460258375,160800.0
2308,1992-05-21,24.38,24.5,24.25,24.25,99500.0,8.8898460258375,199000.0
2309,1992-05-22,24.25,24.38,24.12,24.25,31400.0,8.8898460258375,62800.0
2310,1992-05-26,24.12,24.12,23.0,23.5,127400.0,8.614902334316799,254800.0
2311,1992-05-27,23.62,24.0,23.5,23.75,51500.0,8.7065502314904,103000.0
2312,1992-05-28,23.75,24.38,23.75,24.38,100800.0,8.937502932367801,201600.0
2313,1992-05-29,24.25,24.75,24.25,24.5,173000.0,8.981493923011099,346000.0
2314,1992-06-01,24.88,24.88,24.0,24.25,67700.0,8.8898460258375,135400.0
2315,1992-06-02,24.25,24.5,24.0,24.5,241100.0,8.981493923011099,482200.0
2316,1992-06-03,24.38,24.5,24.12,24.25,58800.0,8.8898460258375,117600.0
2317,1992-06-04,24.12,24.5,24.0,24.0,44300.0,8.7981981286639,88600.0
2318,1992-06-05,24.12,24.5,23.88,24.5,80300.0,8.981493923011099,160600.0
2319,1992-06-08,24.5,24.5,24.12,24.12,16900.0,8.842189119307301,33800.0
2320,1992-06-09,24.12,24.12,23.25,23.38,83500.0,8.5709113436735,167000.0
2321,1992-06-10,23.25,23.5,23.25,23.25,32300.0,8.523254437143201,64600.0
2322,1992-06-11,23.38,23.5,22.88,23.0,37900.0,8.4316065399696,75800.0
2323,1992-06-12,23.25,24.25,23.25,23.62,42000.0,8.658893324960099,84000.0
2324,1992-06-15,23.5,24.12,23.5,23.88,31000.0,8.7542071380206,62000.0
2325,1992-06-16,23.75,24.0,23.62,23.62,82100.0,8.658893324960099,164200.0
2326,1992-06-17,23.5,23.5,22.88,22.88,34100.0,8.3876155493263,68200.0
2327,1992-06-18,22.88,22.88,22.12,22.38,51100.0,8.2043197549791,102200.0
2328,1992-06-19,22.12,22.25,21.25,21.5,88700.0,7.881719156928098,177400.0
2329,1992-06-22,21.5,22.5,21.5,22.5,73400.0,8.2483107456224,146800.0
2330,1992-06-23,22.38,23.38,22.25,23.25,207700.0,8.523254437143201,415400.0
2331,1992-06-24,23.12,23.25,22.38,22.5,41300.0,8.2483107456224,82600.0
2332,1992-06-25,22.5,22.88,22.38,22.38,22800.0,8.2043197549791,45600.0
2333,1992-06-26,22.12,23.25,22.12,22.75,52700.0,8.339958642796,105400.0
2334,1992-06-29,22.75,23.12,22.75,23.0,34900.0,8.4316065399696,69800.0
2335,1992-06-30,22.75,23.12,22.75,23.0,35600.0,8.4316065399696,71200.0
2336,1992-07-01,22.88,23.25,22.5,23.25,99200.0,8.523254437143201,198400.0
2337,1992-07-02,23.0,23.0,22.12,22.25,125200.0,8.1566628484489,250400.0
2338,1992-07-06,22.25,22.75,22.0,22.75,65800.0,8.339958642796,131600.0
2339,1992-07-07,22.88,22.88,22.5,22.5,13300.0,8.2483107456224,26600.0
2340,1992-07-08,22.38,22.62,22.25,22.62,29800.0,8.2923017362658,59600.0
2341,1992-07-09,22.88,22.88,22.5,22.5,40900.0,8.2483107456224,81800.0
2342,1992-07-10,22.62,23.38,22.62,23.0,36300.0,8.4316065399696,72600.0
2343,1992-07-13,23.0,23.0,22.75,23.0,48000.0,8.454518514263,96000.0
2344,1992-07-14,23.0,23.0,22.62,22.75,21300.0,8.3626215738906,42600.0
2345,1992-07-15,22.75,22.88,22.5,22.5,17400.0,8.2707246335182,34800.0
2346,1992-07-16,22.75,23.0,22.5,22.62,56900.0,8.3148351648969,113800.0
2347,1992-07-17,22.62,22.62,22.25,22.5,36500.0,8.2707246335182,73000.0
2348,1992-07-20,22.38,22.62,22.25,22.62,65700.0,8.3148351648969,131400.0
2349,1992-07-21,22.5,22.62,22.5,22.5,12000.0,8.2707246335182,24000.0
2350,1992-07-22,22.5,22.62,22.25,22.62,59500.0,8.3148351648969,119000.0
2351,1992-07-23,22.5,22.88,22.5,22.62,37800.0,8.3148351648969,75600.0
2352,1992-07-24,22.5,22.75,22.5,22.75,77900.0,8.3626215738906,155800.0
2353,1992-07-27,22.62,22.75,22.38,22.5,29800.0,8.2707246335182,59600.0
2354,1992-07-28,22.5,22.62,22.38,22.5,20300.0,8.2707246335182,40600.0
2355,1992-07-29,22.5,24.75,22.5,24.38,256100.0,8.9617896251188,512200.0
2356,1992-07-30,24.38,24.62,24.0,24.12,68900.0,8.8662168071315,137800.0
2357,1992-07-31,24.12,24.12,23.62,23.75,30300.0,8.7302093353803,60600.0
2358,1992-08-03,23.62,23.75,23.5,23.75,44400.0,8.7302093353803,88800.0
2359,1992-08-04,23.75,23.75,23.38,23.5,129100.0,8.6383123950078,258200.0
2360,1992-08-05,23.38,24.0,23.38,23.5,70300.0,8.6383123950078,140600.0
2361,1992-08-06,23.75,23.88,23.5,23.62,38200.0,8.6824229263866,76400.0
2362,1992-08-07,23.75,23.75,23.0,23.38,94200.0,8.594201863629099,188400.0
2363,1992-08-10,23.62,23.62,23.12,23.12,34200.0,8.4986290456418,68400.0
2364,1992-08-11,23.12,23.12,22.62,23.0,125000.0,8.454518514263,250000.0
2365,1992-08-12,22.88,22.88,22.62,22.75,56800.0,8.3626215738906,113600.0
2366,1992-08-13,22.62,22.75,22.5,22.75,118000.0,8.3626215738906,236000.0
2367,1992-08-14,22.5,22.75,22.25,22.25,131200.0,8.178827693145701,262400.0
2368,1992-08-17,22.5,22.5,22.25,22.25,47800.0,8.178827693145701,95600.0
2369,1992-08-18,22.38,22.38,22.25,22.38,41200.0,8.2266141021394,82400.0
2370,1992-08-19,22.38,22.62,22.0,22.0,136500.0,8.086930752773299,273000.0
2371,1992-08-20,22.25,22.5,22.12,22.12,34800.0,8.1310412841521,69600.0
2372,1992-08-21,22.25,22.5,22.12,22.25,57500.0,8.178827693145701,115000.0
2373,1992-08-24,22.12,22.38,22.12,22.25,32200.0,8.178827693145701,64400.0
2374,1992-08-25,22.25,22.25,21.5,21.88,77700.0,8.0428202213945,155400.0
2375,1992-08-26,21.88,22.12,21.88,21.88,23000.0,8.0428202213945,46000.0
2376,1992-08-27,21.88,22.0,21.5,21.5,22000.0,7.9031368720285,44000.0
2377,1992-08-28,21.5,21.62,21.38,21.62,30400.0,7.947247403407202,60800.0
2378,1992-08-31,21.38,22.0,21.38,21.88,83700.0,8.0428202213945,167400.0
2379,1992-09-01,22.0,22.38,21.25,21.38,46400.0,7.8590263406497,92800.0
2380,1992-09-02,21.12,21.38,21.12,21.12,502900.0,7.7634535226624,1005800.0
2381,1992-09-03,21.25,21.25,21.12,21.25,334200.0,7.811239931655999,668400.0
2382,1992-09-04,21.25,22.12,21.25,21.88,197700.0,8.0428202213945,395400.0
2383,1992-09-08,21.75,22.25,21.75,21.88,81900.0,8.0428202213945,163800.0
2384,1992-09-09,21.88,22.0,21.75,22.0,117600.0,8.086930752773299,235200.0
2385,1992-09-10,21.88,22.62,21.88,22.25,84300.0,8.178827693145701,168600.0
2386,1992-09-11,22.0,22.25,21.88,22.0,57600.0,8.086930752773299,115200.0
2387,1992-09-14,22.12,22.25,21.88,22.12,75300.0,8.1310412841521,150600.0
2388,1992-09-15,21.88,22.0,21.38,21.5,150100.0,7.9031368720285,300200.0
2389,1992-09-16,21.5,21.62,21.38,21.38,214300.0,7.8590263406497,428600.0
2390,1992-09-17,21.5,21.62,21.5,21.62,67800.0,7.947247403407202,135600.0
2391,1992-09-18,21.75,21.88,21.5,21.62,174800.0,7.947247403407202,349600.0
2392,1992-09-21,21.5,21.88,21.5,21.88,196700.0,8.0428202213945,393400.0
2393,1992-09-22,21.75,21.88,21.62,21.62,48400.0,7.947247403407202,96800.0
2394,1992-09-23,21.62,21.75,21.38,21.5,150900.0,7.9031368720285,301800.0
2395,1992-09-24,21.38,21.5,21.38,21.38,63900.0,7.8590263406497,127800.0
2396,1992-09-25,21.38,21.88,21.38,21.75,103900.0,7.9950338124009,207800.0
2397,1992-09-28,21.75,21.88,21.62,21.88,43200.0,8.0428202213945,86400.0
2398,1992-09-29,21.62,21.75,21.5,21.5,22100.0,7.9031368720285,44200.0
2399,1992-09-30,21.62,21.75,21.5,21.75,50000.0,7.9950338124009,100000.0
2400,1992-10-01,21.75,21.75,21.5,21.62,62700.0,7.947247403407202,125400.0
2401,1992-10-02,21.62,21.62,21.38,21.5,18700.0,7.9031368720285,37400.0
2402,1992-10-05,21.38,21.38,21.12,21.25,45400.0,7.811239931655999,90800.0
2403,1992-10-06,21.38,21.62,21.25,21.38,51200.0,7.8590263406497,102400.0
2404,1992-10-07,21.38,21.5,21.25,21.38,23900.0,7.8590263406497,47800.0
2405,1992-10-08,21.25,21.5,21.25,21.38,58300.0,7.8590263406497,116600.0
2406,1992-10-09,21.25,21.38,21.12,21.25,42100.0,7.811239931655999,84200.0
2407,1992-10-12,21.0,21.5,21.0,21.5,28400.0,7.9031368720285,56800.0
2408,1992-10-13,21.5,21.5,21.25,21.38,50700.0,7.8590263406497,101400.0
2409,1992-10-14,21.25,21.5,21.25,21.5,19100.0,7.9031368720285,38200.0
2410,1992-10-15,21.38,21.5,21.0,21.0,48900.0,7.719342991283599,97800.0
2411,1992-10-16,21.0,21.38,21.0,21.38,99400.0,7.8590263406497,198800.0
2412,1992-10-19,21.0,21.5,21.0,21.25,167600.0,7.834214166749098,335200.0
2413,1992-10-20,21.38,21.38,20.88,21.0,61700.0,7.742046941258,123400.0
2414,1992-10-21,20.88,21.0,20.38,20.75,45200.0,7.649879715766798,90400.0
2415,1992-10-22,20.88,20.88,19.88,20.38,61300.0,7.5134722220398995,122600.0
2416,1992-10-23,20.38,20.38,20.0,20.0,83900.0,7.3733780392933,167800.0
2417,1992-10-26,20.25,20.25,19.88,19.88,42200.0,7.3291377710575,84400.0
2418,1992-10-27,20.0,20.0,19.75,19.88,107800.0,7.3291377710575,215600.0
2419,1992-10-28,19.88,20.38,19.88,20.38,191400.0,7.5134722220398995,382800.0
2420,1992-10-29,20.38,20.5,20.12,20.25,60800.0,7.4655452647845,121600.0
2421,1992-10-30,20.12,20.12,19.62,19.75,218600.0,7.281210813802099,437200.0
2422,1992-11-02,19.62,20.25,19.62,20.25,108500.0,7.4655452647845,217000.0
2423,1992-11-03,20.12,20.5,20.12,20.38,117500.0,7.5134722220398995,235000.0
2424,1992-11-04,20.25,20.38,20.25,20.25,66100.0,7.4655452647845,132200.0
2425,1992-11-05,20.25,20.25,20.12,20.25,142900.0,7.4655452647845,285800.0
2426,1992-11-06,20.12,20.12,19.75,19.88,151000.0,7.3291377710575,302000.0
2427,1992-11-09,19.88,20.0,19.75,20.0,74500.0,7.3733780392933,149000.0
2428,1992-11-10,19.88,20.75,19.88,20.62,465200.0,7.6019527585114,930400.0
2429,1992-11-11,20.5,21.25,20.5,21.25,533200.0,7.834214166749098,1066400.0
2430,1992-11-12,21.0,21.12,20.5,20.5,246000.0,7.5577124902756,492000.0
2431,1992-11-13,20.5,20.88,20.5,20.88,210000.0,7.6978066730222,420000.0
2432,1992-11-16,20.88,21.0,20.75,20.75,210700.0,7.649879715766798,421400.0
2433,1992-11-17,20.62,20.75,20.5,20.62,142300.0,7.6019527585114,284600.0
2434,1992-11-18,20.5,20.75,20.12,20.25,232000.0,7.4655452647845,464000.0
2435,1992-11-19,19.5,19.75,18.5,18.62,427200.0,6.8646149545821,854400.0
2436,1992-11-20,18.75,18.75,18.12,18.38,228800.0,6.776134418110501,457600.0
2437,1992-11-23,18.5,18.62,18.0,18.25,243500.0,6.7282074608551,487000.0
2438,1992-11-24,18.0,18.62,17.88,18.62,390000.0,6.8646149545821,780000.0
2439,1992-11-25,18.5,18.75,18.25,18.25,190900.0,6.7282074608551,381800.0
2440,1992-11-27,18.38,18.5,18.25,18.5,16300.0,6.8203746863463,32600.0
2441,1992-11-30,18.5,18.5,18.25,18.25,164800.0,6.7282074608551,329600.0
2442,1992-12-01,18.25,18.25,18.0,18.12,73900.0,6.6802805035997,147800.0
2443,1992-12-02,18.12,18.25,18.0,18.25,89800.0,6.7282074608551,179600.0
2444,1992-12-03,18.25,19.12,18.25,18.88,184100.0,6.9604688690929,368200.0
2445,1992-12-04,18.88,19.12,18.12,18.25,70300.0,6.7282074608551,140600.0
2446,1992-12-07,18.25,18.88,18.12,18.88,55800.0,6.9604688690929,111600.0
2447,1992-12-08,18.75,19.25,18.75,18.88,250400.0,6.9604688690929,500800.0
2448,1992-12-09,18.88,18.88,18.38,18.75,610800.0,6.9125419118375016,1221600.0
2449,1992-12-10,18.88,19.0,18.75,19.0,260900.0,7.0047091373286,521800.0
2450,1992-12-11,18.88,19.0,18.88,19.0,95800.0,7.0047091373286,191600.0
2451,1992-12-14,18.88,18.88,18.0,18.12,234400.0,6.6802805035997,468800.0
2452,1992-12-15,18.12,18.38,18.12,18.25,199800.0,6.7282074608551,399600.0
2453,1992-12-16,18.5,20.25,18.5,20.12,460400.0,7.4176183075291,920800.0
2454,1992-12-17,19.88,19.88,18.5,18.75,326000.0,6.9125419118375016,652000.0
2455,1992-12-18,19.0,19.25,18.88,19.0,415500.0,7.0047091373286,831000.0
2456,1992-12-21,18.88,19.0,18.75,19.0,359000.0,7.0047091373286,718000.0
2457,1992-12-22,18.88,19.12,18.88,19.12,559600.0,7.0489494055644,1119200.0
2458,1992-12-23,19.0,19.75,19.0,19.5,241100.0,7.189043588311,482200.0
2459,1992-12-24,19.62,19.75,19.38,19.75,19600.0,7.281210813802099,39200.0
2460,1992-12-28,19.62,19.75,19.25,19.5,74200.0,7.189043588311,148400.0
2461,1992-12-29,19.5,20.38,19.5,20.25,159700.0,7.4655452647845,319400.0
2462,1992-12-30,20.25,20.62,20.12,20.12,123900.0,7.4176183075291,247800.0
2463,1992-12-31,19.75,19.88,19.25,19.62,158300.0,7.2332838565467,316600.0
2464,1993-01-04,19.88,19.88,19.75,19.88,87700.0,7.3291377710575,175400.0
2465,1993-01-05,19.75,20.0,19.5,19.62,132800.0,7.2332838565467,265600.0
2466,1993-01-06,19.5,19.88,19.38,19.88,165400.0,7.3291377710575,330800.0
2467,1993-01-07,20.0,21.0,19.88,21.0,297300.0,7.742046941258,594600.0
2468,1993-01-08,21.25,21.88,21.25,21.75,431800.0,8.018548617731499,863600.0
2469,1993-01-11,21.62,21.75,21.38,21.5,331200.0,7.9263813922403,662400.0
2470,1993-01-12,21.5,21.62,21.25,21.5,285300.0,7.9263813922403,570600.0
2471,1993-01-13,21.38,21.88,21.25,21.75,377800.0,8.018548617731499,755600.0
2472,1993-01-14,21.88,22.0,21.75,22.0,173500.0,8.110715843222598,347000.0
2473,1993-01-15,21.88,22.0,21.75,21.75,154500.0,8.0425120963592,309000.0
2474,1993-01-18,21.75,22.0,21.75,21.88,111300.0,8.0905822836018,222600.0
2475,1993-01-19,22.0,22.0,21.5,21.62,57900.0,7.9944419091166,115800.0
2476,1993-01-20,21.75,21.88,21.62,21.75,24500.0,8.0425120963592,49000.0
2477,1993-01-21,21.88,21.88,21.5,21.62,83200.0,7.9944419091166,166400.0
2478,1993-01-22,21.62,22.0,21.38,21.62,269100.0,7.9944419091166,538200.0
2479,1993-01-25,21.62,22.12,21.62,22.0,161600.0,8.1349547641334,323200.0
2480,1993-01-26,22.0,22.25,22.0,22.12,47500.0,8.1793272446651,95000.0
2481,1993-01-27,22.25,22.25,21.62,21.62,72000.0,7.9944419091166,144000.0
2482,1993-01-28,21.62,22.0,21.62,21.75,50900.0,8.0425120963592,101800.0
2483,1993-01-29,21.75,21.88,21.62,21.75,30300.0,8.0425120963592,60600.0
2484,1993-02-01,22.12,22.38,22.0,22.25,213100.0,8.2273974319077,426200.0
2485,1993-02-02,22.12,22.75,22.0,22.75,143300.0,8.4122827674561,286600.0
2486,1993-02-03,22.75,23.25,22.75,23.12,172000.0,8.549097915762,344000.0
2487,1993-02-04,23.38,24.0,23.38,23.88,210900.0,8.8301236257957,421800.0
2488,1993-02-05,23.75,23.75,23.38,23.62,135300.0,8.7339832513105,270600.0
2489,1993-02-08,23.5,23.75,23.38,23.5,57600.0,8.6896107707789,115200.0
2490,1993-02-09,23.5,23.62,23.0,23.0,66800.0,8.5047254352304,133600.0
2491,1993-02-10,22.88,23.5,22.88,23.38,196600.0,8.645238290247201,393200.0
2492,1993-02-11,23.38,23.75,23.38,23.62,61300.0,8.7339832513105,122600.0
2493,1993-02-12,23.62,23.88,23.62,23.62,44900.0,8.7339832513105,89800.0
2494,1993-02-16,23.5,23.5,22.38,22.62,113400.0,8.3642125802135,226800.0
2495,1993-02-17,22.75,23.0,22.62,22.75,75200.0,8.4122827674561,150400.0
2496,1993-02-18,22.88,22.88,22.5,22.62,55200.0,8.3642125802135,110400.0
2497,1993-02-19,22.75,22.88,22.5,22.62,34300.0,8.3642125802135,68600.0
2498,1993-02-22,22.88,22.88,22.25,22.38,110500.0,8.2754676191503,221000.0
2499,1993-02-23,22.5,22.62,22.38,22.5,360300.0,8.319840099681901,720600.0
2500,1993-02-24,22.5,22.75,22.38,22.62,36300.0,8.3642125802135,72600.0
2501,1993-02-25,22.88,22.88,22.5,22.75,23700.0,8.4122827674561,47400.0
2502,1993-02-26,22.5,22.62,22.5,22.62,23500.0,8.3642125802135,47000.0
2503,1993-03-01,22.5,22.75,22.38,22.62,56500.0,8.3642125802135,113000.0
2504,1993-03-02,22.75,23.12,22.5,23.12,117900.0,8.549097915762,235800.0
2505,1993-03-03,23.5,23.5,23.25,23.5,61900.0,8.6896107707789,123800.0
2506,1993-03-04,23.62,23.75,23.5,23.5,58700.0,8.6896107707789,117400.0
2507,1993-03-05,23.62,23.75,23.5,23.5,62400.0,8.6896107707789,124800.0
2508,1993-03-08,23.62,23.62,23.38,23.5,85400.0,8.6896107707789,170800.0
2509,1993-03-09,23.5,23.5,23.25,23.25,247300.0,8.5971681030046,494600.0
2510,1993-03-10,23.5,23.5,23.12,23.38,117200.0,8.645238290247201,234400.0
2511,1993-03-11,23.38,23.5,23.25,23.5,33900.0,8.6896107707789,67800.0
2512,1993-03-12,23.5,23.5,23.12,23.25,72000.0,8.5971681030046,144000.0
2513,1993-03-15,23.25,23.38,23.12,23.12,45500.0,8.549097915762,91000.0
2514,1993-03-16,23.12,23.25,23.0,23.0,100500.0,8.5047254352304,201000.0
2515,1993-03-17,23.0,23.25,23.0,23.12,110200.0,8.549097915762,220400.0
2516,1993-03-18,23.25,23.38,23.12,23.38,56800.0,8.645238290247201,113600.0
2517,1993-03-19,23.38,23.38,23.0,23.0,68300.0,8.5047254352304,136600.0
2518,1993-03-22,23.0,23.12,22.88,22.88,35000.0,8.4603529546988,70000.0
2519,1993-03-23,22.88,23.0,22.75,23.0,19900.0,8.5047254352304,39800.0
2520,1993-03-24,22.88,23.12,22.88,23.0,125300.0,8.5047254352304,250600.0
2521,1993-03-25,23.0,23.25,22.75,23.0,55900.0,8.5047254352304,111800.0
2522,1993-03-26,22.75,22.88,22.62,22.62,82700.0,8.3642125802135,165400.0
2523,1993-03-29,22.38,22.75,22.38,22.75,79100.0,8.4122827674561,158200.0
2524,1993-03-30,22.62,23.38,22.62,23.38,95900.0,8.645238290247201,191800.0
2525,1993-03-31,23.12,23.25,22.75,22.75,85900.0,8.4122827674561,171800.0
2526,1993-04-01,23.0,23.0,22.62,22.75,42200.0,8.4122827674561,84400.0
2527,1993-04-02,22.62,22.62,22.12,22.5,63500.0,8.319840099681901,127000.0
2528,1993-04-05,22.62,22.88,22.5,22.5,99900.0,8.319840099681901,199800.0
2529,1993-04-06,22.5,22.62,22.12,22.25,73700.0,8.2273974319077,147400.0
2530,1993-04-07,22.25,22.62,22.12,22.62,70400.0,8.3642125802135,140800.0
2531,1993-04-08,22.75,23.0,22.75,23.0,131100.0,8.5047254352304,262200.0
2532,1993-04-12,22.75,22.88,22.38,22.5,55100.0,8.3438751933032,110200.0
2533,1993-04-13,22.5,22.62,22.25,22.5,109900.0,8.3438751933032,219800.0
2534,1993-04-14,22.62,22.88,22.5,22.62,43900.0,8.3883758610008,87800.0
2535,1993-04-15,22.5,23.25,22.5,23.25,62200.0,8.6220043664133,124400.0
2536,1993-04-16,23.38,23.5,23.0,23.0,90900.0,8.5292946420433,181800.0
2537,1993-04-19,23.0,23.25,22.75,23.0,74200.0,8.5292946420433,148400.0
2538,1993-04-20,23.0,23.12,22.88,23.12,31100.0,8.5737953097409,62200.0
2539,1993-04-21,23.0,23.12,22.62,22.62,59800.0,8.3883758610008,119600.0
2540,1993-04-22,22.62,23.0,22.62,22.62,71000.0,8.3883758610008,142000.0
2541,1993-04-23,22.62,22.88,22.62,22.75,53400.0,8.4365849176732,106800.0
2542,1993-04-26,22.5,22.88,22.5,22.75,61400.0,8.4365849176732,122800.0
2543,1993-04-27,23.0,23.12,22.75,23.12,61100.0,8.5737953097409,122200.0
2544,1993-04-28,23.0,23.38,23.0,23.12,121200.0,8.5737953097409,242400.0
2545,1993-04-29,23.12,23.5,22.88,23.5,64300.0,8.714714090783401,128600.0
2546,1993-04-30,23.5,23.5,23.12,23.38,97400.0,8.6702134230857,194800.0
2547,1993-05-03,23.38,23.38,23.25,23.38,56500.0,8.6702134230857,113000.0
2548,1993-05-04,23.12,23.38,23.0,23.38,102000.0,8.6702134230857,204000.0
2549,1993-05-05,23.38,23.38,23.12,23.25,42400.0,8.6220043664133,84800.0
2550,1993-05-06,23.12,23.25,23.0,23.0,77800.0,8.5292946420433,155600.0
2551,1993-05-07,23.0,23.5,23.0,23.25,41800.0,8.6220043664133,83600.0
2552,1993-05-10,23.25,24.5,23.12,24.0,97300.0,8.9001335395234,194600.0
2553,1993-05-11,23.88,23.88,23.5,23.75,58900.0,8.8074238151534,117800.0
2554,1993-05-12,23.5,23.75,23.5,23.75,53100.0,8.8074238151534,106200.0
2555,1993-05-13,23.62,23.62,23.5,23.5,54900.0,8.714714090783401,109800.0
2556,1993-05-14,23.5,23.62,23.38,23.62,30700.0,8.759214758480999,61400.0
2557,1993-05-17,23.75,23.88,23.5,23.62,43100.0,8.759214758480999,86200.0
2558,1993-05-18,23.88,24.12,23.62,24.12,151700.0,8.944634207221,303400.0
2559,1993-05-19,23.88,24.0,23.75,24.0,81300.0,8.9001335395234,162600.0
2560,1993-05-20,24.0,24.38,23.88,24.12,45100.0,8.944634207221,90200.0
2561,1993-05-21,24.0,24.12,23.75,23.88,272000.0,8.8556328718258,544000.0
2562,1993-05-24,23.88,24.0,23.75,23.88,45600.0,8.8556328718258,91200.0
2563,1993-05-25,23.88,23.88,23.38,23.5,61800.0,8.714714090783401,123600.0
2564,1993-05-26,23.75,24.12,23.62,24.12,175600.0,8.944634207221,351200.0
2565,1993-05-27,24.0,24.38,24.0,24.38,226000.0,9.041052320565901,452000.0
2566,1993-05-28,24.25,24.5,24.12,24.38,84400.0,9.041052320565901,168800.0
2567,1993-06-01,24.25,24.25,24.12,24.12,57100.0,8.944634207221,114200.0
2568,1993-06-02,24.12,24.25,23.75,24.0,77900.0,8.9001335395234,155800.0
2569,1993-06-03,23.88,24.0,23.75,24.0,54200.0,8.9001335395234,108400.0
2570,1993-06-04,23.75,24.12,23.62,24.0,101800.0,8.9001335395234,203600.0
2571,1993-06-07,24.0,24.0,23.88,24.0,17600.0,8.9001335395234,35200.0
2572,1993-06-08,23.88,23.88,23.25,23.25,51100.0,8.6220043664133,102200.0
2573,1993-06-09,23.38,23.5,23.25,23.38,25300.0,8.6702134230857,50600.0
2574,1993-06-10,23.38,23.38,23.0,23.0,24000.0,8.5292946420433,48000.0
2575,1993-06-11,23.0,23.12,22.75,22.88,48300.0,8.4847939743457,96600.0
2576,1993-06-14,22.88,23.0,22.75,22.75,23800.0,8.4365849176732,47600.0
2577,1993-06-15,22.88,22.88,22.25,22.38,49400.0,8.2993745256056,98800.0
2578,1993-06-16,22.5,22.62,22.38,22.62,43200.0,8.3883758610008,86400.0
2579,1993-06-17,22.62,22.62,22.0,22.12,146200.0,8.2029564122608,292400.0
2580,1993-06-18,20.62,20.62,19.75,19.88,199300.0,7.3722772819052,398600.0
2581,1993-06-21,19.88,20.0,19.62,19.75,103100.0,7.3240682252328,206200.0
2582,1993-06-22,19.75,19.75,19.38,19.75,78300.0,7.3240682252328,156600.0
2583,1993-06-23,19.62,19.88,19.5,19.75,139300.0,7.3240682252328,278600.0
2584,1993-06-24,19.75,19.88,19.62,19.62,90900.0,7.2758591685604,181800.0
2585,1993-06-25,19.75,19.75,19.25,19.38,77600.0,7.1868578331652,155200.0
2586,1993-06-28,19.38,19.5,18.88,19.0,62300.0,7.0459390521227006,124600.0
2587,1993-06-29,19.0,19.38,18.75,19.38,81800.0,7.1868578331652,163600.0
2588,1993-06-30,19.12,19.75,19.12,19.25,158200.0,7.1386487764927,316400.0
2589,1993-07-01,19.5,19.5,19.0,19.12,55800.0,7.0904397198203,111600.0
2590,1993-07-02,19.12,19.12,18.88,18.88,50500.0,7.0014383844251,101000.0
2591,1993-07-06,18.88,19.25,18.88,19.0,109200.0,7.0459390521227006,218400.0
2592,1993-07-07,19.0,19.12,18.5,18.62,280400.0,6.9050202710803,560800.0
2593,1993-07-08,18.62,18.88,18.38,18.75,197500.0,6.9532293277527,395000.0
2594,1993-07-09,18.62,19.38,18.62,19.38,113400.0,7.1868578331652,226800.0
2595,1993-07-12,19.38,19.62,19.25,19.5,105800.0,7.2313585008628,211600.0
2596,1993-07-13,19.5,19.5,19.12,19.25,36100.0,7.1386487764927,72200.0
2597,1993-07-14,19.25,19.38,19.12,19.12,45600.0,7.0904397198203,91200.0
2598,1993-07-15,19.12,19.88,19.12,19.5,133500.0,7.2313585008628,267000.0
2599,1993-07-16,19.5,19.5,19.25,19.38,47100.0,7.1868578331652,94200.0
2600,1993-07-19,19.25,19.38,19.25,19.25,31600.0,7.1627533048290015,63200.0
2601,1993-07-20,19.12,19.25,19.0,19.12,90700.0,7.114381464328799,181400.0
2602,1993-07-21,19.0,19.0,18.88,19.0,46800.0,7.069730534636401,93600.0
2603,1993-07-22,19.0,19.25,19.0,19.12,43600.0,7.114381464328799,87200.0
2604,1993-07-23,19.25,19.38,19.0,19.25,60800.0,7.1627533048290015,121600.0
2605,1993-07-26,19.38,19.38,19.0,19.12,52100.0,7.114381464328799,104200.0
2606,1993-07-27,19.12,19.12,18.38,18.5,110500.0,6.8836849942512,221000.0
2607,1993-07-28,18.38,18.88,18.0,18.75,87500.0,6.976707764443799,175000.0
2608,1993-07-29,18.88,19.0,18.88,18.88,114700.0,7.0250796049439,229400.0
2609,1993-07-30,18.88,19.12,18.88,19.0,85100.0,7.069730534636401,170200.0
2610,1993-08-02,18.75,19.0,18.75,19.0,66000.0,7.069730534636401,132000.0
2611,1993-08-03,18.88,19.38,18.88,19.38,52900.0,7.2111251453291,105800.0
2612,1993-08-04,19.12,19.25,18.88,18.88,66400.0,7.0250796049439,132800.0
2613,1993-08-05,19.12,19.12,18.88,19.0,119700.0,7.069730534636401,239400.0
2614,1993-08-06,18.88,19.0,18.88,19.0,53700.0,7.069730534636401,107400.0
2615,1993-08-09,19.0,19.0,18.62,18.62,127500.0,6.9283359239436,255000.0
2616,1993-08-10,18.62,18.62,18.5,18.5,109900.0,6.8836849942512,219800.0
2617,1993-08-11,18.5,18.62,18.25,18.38,83800.0,6.839034064558799,167600.0
2618,1993-08-12,18.25,18.38,18.12,18.12,106500.0,6.7422903835585,213000.0
2619,1993-08-13,18.12,18.5,18.12,18.25,97100.0,6.7906622240585985,194200.0
2620,1993-08-16,18.25,18.5,18.25,18.38,76500.0,6.839034064558799,153000.0
2621,1993-08-17,18.5,18.88,18.38,18.75,218200.0,6.976707764443799,436400.0
2622,1993-08-18,18.75,19.5,18.75,19.5,428000.0,7.255776075021501,856000.0
2623,1993-08-19,19.38,20.0,19.38,19.88,219900.0,7.3971706857143,439800.0
2624,1993-08-20,20.0,20.0,19.75,19.88,150100.0,7.3971706857143,300200.0
2625,1993-08-23,19.75,20.0,19.75,20.0,85900.0,7.441821615406702,171800.0
2626,1993-08-24,19.88,20.25,19.88,20.12,154800.0,7.4864725450991,309600.0
2627,1993-08-25,20.12,20.12,19.75,19.75,70200.0,7.3487988452141,140400.0
2628,1993-08-26,19.88,19.88,19.75,19.88,44900.0,7.3971706857143,89800.0
2629,1993-08-27,19.75,19.88,19.62,19.75,72700.0,7.3487988452141,145400.0
2630,1993-08-30,19.62,19.88,19.62,19.88,30500.0,7.3971706857143,61000.0
2631,1993-08-31,19.75,19.75,19.38,19.5,165300.0,7.255776075021501,330600.0
2632,1993-09-01,19.62,19.75,19.5,19.75,301800.0,7.3487988452141,603600.0
2633,1993-09-02,19.88,19.88,19.5,19.62,42900.0,7.300427004714,85800.0
2634,1993-09-03,19.62,19.88,19.62,19.62,51300.0,7.300427004714,102600.0
2635,1993-09-07,19.62,19.75,19.62,19.75,27700.0,7.3487988452141,55400.0
2636,1993-09-08,19.62,19.75,19.5,19.75,73400.0,7.3487988452141,146800.0
2637,1993-09-09,19.62,19.75,19.62,19.62,23700.0,7.300427004714,47400.0
2638,1993-09-10,19.62,19.75,19.5,19.5,311300.0,7.255776075021501,622600.0
2639,1993-09-13,19.62,20.0,19.5,19.88,160000.0,7.3971706857143,320000.0
2640,1993-09-14,19.88,20.0,19.62,19.75,93100.0,7.3487988452141,186200.0
2641,1993-09-15,19.75,19.75,19.62,19.75,39200.0,7.3487988452141,78400.0
2642,1993-09-16,19.75,19.75,19.5,19.62,66200.0,7.300427004714,132400.0
2643,1993-09-17,19.25,19.62,19.25,19.62,178600.0,7.300427004714,357200.0
2644,1993-09-20,19.62,19.62,18.75,18.75,73800.0,6.976707764443799,147600.0
2645,1993-09-21,19.0,19.0,18.75,18.88,60900.0,7.0250796049439,121800.0
2646,1993-09-22,18.75,19.0,18.75,18.88,157000.0,7.0250796049439,314000.0
2647,1993-09-23,18.75,18.88,18.62,18.62,351900.0,6.9283359239436,703800.0
2648,1993-09-24,18.75,18.75,18.5,18.62,572700.0,6.9283359239436,1145400.0
2649,1993-09-27,18.62,19.38,18.5,19.38,193300.0,7.2111251453291,386600.0
2650,1993-09-28,19.38,19.62,17.0,17.12,760000.0,6.370199302788099,1520000.0
2651,1993-09-29,15.75,16.25,15.75,16.12,742000.0,5.9981082220178,1484000.0
2652,1993-09-30,16.0,16.5,16.0,16.38,173800.0,6.094851903018099,347600.0
2653,1993-10-01,16.38,16.75,16.25,16.62,60900.0,6.1841537624030005,121800.0
2654,1993-10-04,18.0,18.0,16.75,17.0,242200.0,6.3255483730957005,484400.0
2655,1993-10-05,16.88,17.12,16.88,17.12,130300.0,6.370199302788099,260600.0
2656,1993-10-06,17.12,17.12,16.88,16.88,276000.0,6.2808974434033,552000.0
2657,1993-10-07,17.12,17.5,17.12,17.25,499700.0,6.4185711432883,999400.0
2658,1993-10-08,17.25,17.62,17.25,17.62,443800.0,6.5562448431733,887600.0
2659,1993-10-11,17.5,17.75,17.5,17.5,41700.0,6.5115939134809,83400.0
2660,1993-10-12,17.62,17.75,17.5,17.62,132300.0,6.5562448431733,264600.0
2661,1993-10-13,17.5,17.62,17.5,17.5,56600.0,6.5115939134809,113200.0
2662,1993-10-14,17.5,17.62,17.5,17.62,286400.0,6.5562448431733,572800.0
2663,1993-10-15,17.75,17.75,17.62,17.75,109500.0,6.6046166836735,219000.0
2664,1993-10-18,17.38,17.75,17.38,17.75,96300.0,6.6288026039235,192600.0
2665,1993-10-19,17.62,17.75,17.62,17.75,114000.0,6.6288026039235,228000.0
2666,1993-10-20,17.62,17.75,17.5,17.5,95300.0,6.535439186966901,190600.0
2667,1993-10-21,17.5,17.62,17.5,17.5,68300.0,6.535439186966901,136600.0
2668,1993-10-22,17.62,17.62,17.38,17.38,57100.0,6.4906247468277005,114200.0
2669,1993-10-25,17.5,17.62,17.25,17.25,112200.0,6.4420757700102005,224400.0
2670,1993-10-26,17.25,17.38,17.12,17.38,191300.0,6.4906247468277005,382600.0
2671,1993-10-27,17.38,18.0,17.25,17.75,89300.0,6.6288026039235,178600.0
2672,1993-10-28,17.88,18.0,17.75,18.0,269600.0,6.722166020880199,539200.0
2673,1993-10-29,17.88,18.0,17.88,18.0,54900.0,6.722166020880199,109800.0
2674,1993-11-01,17.88,17.88,17.75,17.75,90500.0,6.6288026039235,181000.0
2675,1993-11-02,17.88,17.88,17.75,17.75,84600.0,6.6288026039235,169200.0
2676,1993-11-03,17.75,17.88,17.62,17.75,98000.0,6.6288026039235,196000.0
2677,1993-11-04,17.62,17.88,17.62,17.75,54500.0,6.6288026039235,109000.0
2678,1993-11-05,17.62,17.75,17.5,17.5,132600.0,6.535439186966901,265200.0
2679,1993-11-08,17.5,18.0,17.5,17.75,118200.0,6.6288026039235,236400.0
2680,1993-11-09,17.75,17.75,17.62,17.62,219200.0,6.580253627106099,438400.0
2681,1993-11-10,17.62,17.75,17.62,17.75,176700.0,6.6288026039235,353400.0
2682,1993-11-11,17.75,17.75,17.62,17.62,14100.0,6.580253627106099,28200.0
2683,1993-11-12,17.62,17.75,17.5,17.62,127700.0,6.580253627106099,255400.0
2684,1993-11-15,17.62,17.88,17.62,17.88,79900.0,6.677351580741,159800.0
2685,1993-11-16,17.88,18.0,17.75,18.0,83300.0,6.722166020880199,166600.0
2686,1993-11-17,18.12,18.25,18.0,18.0,110300.0,6.722166020880199,220600.0
2687,1993-11-18,18.0,18.12,18.0,18.0,35900.0,6.722166020880199,71800.0
2688,1993-11-19,17.88,18.25,17.88,18.12,98000.0,6.7669804610194015,196000.0
2689,1993-11-22,18.0,18.25,17.88,18.25,98200.0,6.815529437836901,196400.0
2690,1993-11-23,18.12,18.38,17.88,18.0,48300.0,6.722166020880199,96600.0
2691,1993-11-24,17.88,18.12,17.88,17.88,88700.0,6.677351580741,177400.0
2692,1993-11-26,18.0,18.0,17.88,17.88,91200.0,6.677351580741,182400.0
2693,1993-11-29,17.75,18.0,17.62,17.62,20200.0,6.580253627106099,40400.0
2694,1993-11-30,17.62,17.88,17.62,17.75,112300.0,6.6288026039235,224600.0
2695,1993-12-01,17.88,18.0,17.62,17.88,50500.0,6.677351580741,101000.0
2696,1993-12-02,17.75,18.0,17.75,18.0,8800.0,6.722166020880199,17600.0
2697,1993-12-03,18.0,18.0,17.88,18.0,70600.0,6.722166020880199,141200.0
2698,1993-12-06,18.0,18.12,17.75,18.0,59600.0,6.722166020880199,119200.0
2699,1993-12-07,17.88,18.0,17.88,18.0,13100.0,6.722166020880199,26200.0
2700,1993-12-08,17.88,18.0,17.75,17.88,768300.0,6.677351580741,1536600.0
2701,1993-12-09,18.0,18.0,17.75,17.88,65300.0,6.677351580741,130600.0
2702,1993-12-10,18.0,18.0,17.75,18.0,218200.0,6.722166020880199,436400.0
2703,1993-12-13,17.88,18.0,17.75,17.88,164700.0,6.677351580741,329400.0
2704,1993-12-14,17.88,17.88,17.75,17.88,124900.0,6.677351580741,249800.0
2705,1993-12-15,17.75,17.88,17.75,17.88,104700.0,6.677351580741,209400.0
2706,1993-12-16,17.75,17.88,17.75,17.75,43200.0,6.6288026039235,86400.0
2707,1993-12-17,17.88,18.12,17.88,18.12,462500.0,6.7669804610194015,925000.0
2708,1993-12-20,18.0,18.25,18.0,18.12,63400.0,6.7669804610194015,126800.0
2709,1993-12-21,18.0,18.12,17.88,17.88,117300.0,6.677351580741,234600.0
2710,1993-12-22,18.0,18.0,17.88,18.0,45200.0,6.722166020880199,90400.0
2711,1993-12-23,17.88,18.0,17.88,17.88,124500.0,6.677351580741,249000.0
2712,1993-12-27,17.75,17.88,17.75,17.88,341100.0,6.677351580741,682200.0
2713,1993-12-28,17.75,17.88,17.75,17.75,76400.0,6.6288026039235,152800.0
2714,1993-12-29,17.75,17.88,17.75,17.75,43600.0,6.6288026039235,87200.0
2715,1993-12-30,17.88,17.88,17.75,17.88,58000.0,6.677351580741,116000.0
2716,1993-12-31,18.0,18.38,17.75,18.38,160900.0,6.8640784146543,321800.0
2717,1994-01-03,18.25,18.25,17.75,17.75,194300.0,6.6288026039235,388600.0
2718,1994-01-04,17.75,18.38,17.75,18.38,218100.0,6.8640784146543,436200.0
2719,1994-01-05,18.25,18.25,17.88,18.0,150300.0,6.722166020880199,300600.0
2720,1994-01-06,17.88,18.0,17.88,17.88,195200.0,6.677351580741,390400.0
2721,1994-01-07,18.0,18.5,17.88,18.38,229800.0,6.8640784146543,459600.0
2722,1994-01-10,18.25,18.38,17.88,18.25,171800.0,6.815529437836901,343600.0
2723,1994-01-11,18.25,18.25,18.0,18.25,45500.0,6.815529437836901,91000.0
2724,1994-01-12,18.12,18.38,18.0,18.38,123000.0,6.8640784146543,246000.0
2725,1994-01-13,18.38,18.38,18.25,18.25,70100.0,6.815529437836901,140200.0
2726,1994-01-14,18.25,18.62,18.12,18.25,149600.0,6.8416711945847,299200.0
2727,1994-01-17,18.25,18.25,17.88,17.88,101900.0,6.7029633402287985,203800.0
2728,1994-01-18,17.88,18.25,17.88,18.12,201600.0,6.7929360025137004,403200.0
2729,1994-01-19,18.0,18.25,18.0,18.12,77600.0,6.7929360025137004,155200.0
2730,1994-01-20,18.12,18.38,18.12,18.38,45800.0,6.8904063866557,91600.0
2731,1994-01-21,18.12,18.38,18.12,18.25,149000.0,6.8416711945847,298000.0
2732,1994-01-24,18.25,18.5,18.25,18.38,160500.0,6.8904063866557,321000.0
2733,1994-01-25,18.38,19.0,18.38,18.75,226700.0,7.0291142410117,453400.0
2734,1994-01-26,18.88,18.88,18.62,18.75,99500.0,7.0291142410117,199000.0
2735,1994-01-27,18.75,18.75,18.62,18.75,65500.0,7.0291142410117,131000.0
2736,1994-01-28,18.62,18.88,18.62,18.88,111500.0,7.0778494330827,223000.0
2737,1994-01-31,18.88,19.0,18.62,19.0,106500.0,7.122835764225202,213000.0
2738,1994-02-01,18.88,18.88,18.75,18.75,133700.0,7.0291142410117,267400.0
2739,1994-02-02,18.75,19.0,18.75,19.0,45200.0,7.122835764225202,90400.0
2740,1994-02-03,18.88,19.0,18.62,18.75,156400.0,7.0291142410117,312800.0
2741,1994-02-04,18.75,18.75,18.38,18.38,116000.0,6.8904063866557,232000.0
2742,1994-02-07,18.38,18.38,18.0,18.12,93900.0,6.7929360025137004,187800.0
2743,1994-02-08,18.0,18.25,18.0,18.0,72100.0,6.7479496713712,144200.0
2744,1994-02-09,18.12,18.5,18.12,18.5,42700.0,6.9353927177982,85400.0
2745,1994-02-10,18.5,18.75,18.25,18.75,71200.0,7.0291142410117,142400.0
2746,1994-02-11,18.62,18.62,18.25,18.38,34100.0,6.8904063866557,68200.0
2747,1994-02-14,18.25,18.38,18.12,18.38,74500.0,6.8904063866557,149000.0
2748,1994-02-15,18.25,18.75,18.25,18.75,58600.0,7.0291142410117,117200.0
2749,1994-02-16,18.62,18.62,18.12,18.38,58000.0,6.8904063866557,116000.0
2750,1994-02-17,18.38,18.75,18.25,18.62,109900.0,6.9803790489407005,219800.0
2751,1994-02-18,18.5,18.62,18.5,18.5,63600.0,6.9353927177982,127200.0
2752,1994-02-22,18.5,18.62,18.38,18.38,41200.0,6.8904063866557,82400.0
2753,1994-02-23,18.25,18.38,17.88,18.38,124400.0,6.8904063866557,248800.0
2754,1994-02-24,18.25,18.38,18.12,18.38,71000.0,6.8904063866557,142000.0
2755,1994-02-25,18.25,18.38,18.12,18.12,49700.0,6.7929360025137004,99400.0
2756,1994-02-28,18.38,18.62,18.38,18.62,119200.0,6.9803790489407005,238400.0
2757,1994-03-01,18.5,18.5,18.12,18.38,95700.0,6.8904063866557,191400.0
2758,1994-03-02,18.12,18.38,17.75,18.12,130900.0,6.7929360025137004,261800.0
2759,1994-03-03,18.12,18.25,18.0,18.12,87300.0,6.7929360025137004,174600.0
2760,1994-03-04,18.0,18.25,18.0,18.25,111300.0,6.8416711945847,222600.0
2761,1994-03-07,18.25,18.5,18.25,18.38,49600.0,6.8904063866557,99200.0
2762,1994-03-08,18.25,18.75,18.25,18.38,145100.0,6.8904063866557,290200.0
2763,1994-03-09,18.38,18.5,18.25,18.38,88100.0,6.8904063866557,176200.0
2764,1994-03-10,18.38,18.38,18.12,18.25,96000.0,6.8416711945847,192000.0
2765,1994-03-11,18.25,18.25,18.12,18.25,107600.0,6.8416711945847,215200.0
2766,1994-03-14,18.25,18.25,17.88,18.0,184500.0,6.7479496713712,369000.0
2767,1994-03-15,18.0,18.12,18.0,18.0,212300.0,6.7479496713712,424600.0
2768,1994-03-16,18.12,18.12,18.0,18.0,116000.0,6.7479496713712,232000.0
2769,1994-03-17,18.0,18.12,18.0,18.0,129600.0,6.7479496713712,259200.0
2770,1994-03-18,18.0,18.12,18.0,18.12,179600.0,6.7929360025137004,359200.0
2771,1994-03-21,18.0,18.0,17.88,18.0,24900.0,6.7479496713712,49800.0
2772,1994-03-22,18.0,18.12,17.75,18.0,82400.0,6.7479496713712,164800.0
2773,1994-03-23,18.0,18.0,17.62,17.75,109300.0,6.6542281481578,218600.0
2774,1994-03-24,17.75,17.75,17.5,17.75,62400.0,6.6542281481578,124800.0
2775,1994-03-25,17.62,17.62,17.25,17.25,88700.0,6.4667851017308,177400.0
2776,1994-03-28,17.5,17.5,16.88,17.38,96200.0,6.5155202938018,192400.0
2777,1994-03-29,17.38,17.75,16.75,16.88,126000.0,6.328077247374799,252000.0
2778,1994-03-30,16.88,17.0,16.62,16.62,163800.0,6.2306068632328,327600.0
2779,1994-03-31,16.62,17.0,16.38,16.38,201500.0,6.1406342009478,403000.0
2780,1994-04-04,16.12,16.12,15.25,15.62,248700.0,5.8557207703788,497400.0
2781,1994-04-05,15.75,16.25,15.75,16.12,328400.0,6.043163816805801,656800.0
2782,1994-04-06,15.88,16.12,15.5,16.12,341900.0,6.043163816805801,683800.0
2783,1994-04-07,16.12,16.5,16.0,16.38,168000.0,6.1406342009478,336000.0
2784,1994-04-08,16.38,16.5,15.88,15.88,154400.0,5.9531911545209,308800.0
2785,1994-04-11,16.0,16.38,16.0,16.25,74600.0,6.0918990088768,149200.0
2786,1994-04-12,16.0,16.0,15.75,15.75,47300.0,5.9044559624497985,94600.0
2787,1994-04-13,16.0,16.0,15.75,15.88,137800.0,5.9531911545209,275600.0
2788,1994-04-14,15.75,16.5,15.75,16.38,274900.0,6.1406342009478,549800.0
2789,1994-04-15,16.25,16.38,16.0,16.0,87000.0,5.9981774856633,174000.0
2790,1994-04-18,15.88,15.88,15.25,15.25,54200.0,5.7432549425226,108400.0
2791,1994-04-19,15.25,15.62,15.25,15.38,106200.0,5.7922138371146,212400.0
2792,1994-04-20,15.5,15.5,15.25,15.25,175700.0,5.7432549425226,351400.0
2793,1994-04-21,15.38,15.5,15.25,15.25,72600.0,5.7432549425226,145200.0
2794,1994-04-22,15.25,15.31,15.12,15.25,86700.0,5.7432549425226,173400.0
2795,1994-04-25,15.25,15.5,15.25,15.38,213300.0,5.7922138371146,426600.0
2796,1994-04-26,15.25,15.5,15.25,15.38,159200.0,5.7922138371146,318400.0
2797,1994-04-28,15.12,15.12,14.25,14.62,262200.0,5.5059926071922005,524400.0
2798,1994-04-29,14.5,15.0,14.38,14.88,146500.0,5.603910396376199,293000.0
2799,1994-05-02,14.75,15.12,14.75,15.12,122700.0,5.6942960479306,245400.0
2800,1994-05-03,15.0,15.38,15.0,15.38,160400.0,5.7922138371146,320800.0
2801,1994-05-04,15.12,15.5,15.12,15.38,333400.0,5.7922138371146,666800.0
2802,1994-05-05,15.25,15.62,15.25,15.5,181300.0,5.8374066628919,362600.0
2803,1994-05-06,15.38,15.38,15.0,15.12,47400.0,5.6942960479306,94800.0
2804,1994-05-09,15.12,15.38,15.0,15.0,77100.0,5.6491032221534,154200.0
2805,1994-05-10,15.0,15.25,15.0,15.0,130300.0,5.6491032221534,260600.0
2806,1994-05-11,15.0,15.12,15.0,15.12,137100.0,5.6942960479306,274200.0
2807,1994-05-12,15.0,15.5,15.0,15.38,86300.0,5.7922138371146,172600.0
2808,1994-05-13,15.25,15.38,15.0,15.12,127900.0,5.6942960479306,255800.0
2809,1994-05-16,15.0,15.25,14.62,14.88,83300.0,5.603910396376199,166600.0
2810,1994-05-17,14.75,14.88,14.38,14.5,97800.0,5.460799781415,195600.0
2811,1994-05-18,14.5,14.5,14.25,14.5,230600.0,5.460799781415,461200.0
2812,1994-05-19,14.5,14.5,14.25,14.5,107600.0,5.460799781415,215200.0
2813,1994-05-20,14.38,14.62,14.12,14.12,139300.0,5.3176891664537,278600.0
2814,1994-05-23,14.25,14.25,14.12,14.25,158400.0,5.366648061045701,316800.0
2815,1994-05-24,14.38,14.62,14.12,14.38,121500.0,5.415606955637702,243000.0
2816,1994-05-25,14.38,14.88,14.38,14.75,497500.0,5.554951501784201,995000.0
2817,1994-05-26,14.75,15.0,14.5,14.62,82600.0,5.5059926071922005,165200.0
2818,1994-05-27,14.5,14.75,14.5,14.75,169400.0,5.554951501784201,338800.0
2819,1994-05-31,14.75,14.75,14.5,14.62,62100.0,5.5059926071922005,124200.0
2820,1994-06-01,14.62,14.62,14.5,14.62,68600.0,5.5059926071922005,137200.0
2821,1994-06-02,14.75,14.75,14.5,14.5,71800.0,5.460799781415,143600.0
2822,1994-06-03,14.62,14.88,14.5,14.88,541000.0,5.603910396376199,1082000.0
2823,1994-06-06,14.75,15.25,14.75,15.0,192400.0,5.6491032221534,384800.0
2824,1994-06-07,15.0,15.25,15.0,15.12,77700.0,5.6942960479306,155400.0
2825,1994-06-08,15.12,15.38,15.12,15.25,84500.0,5.7432549425226,169000.0
2826,1994-06-09,15.12,15.75,15.12,15.75,196400.0,5.9315583832611,392800.0
2827,1994-06-10,15.75,15.88,15.75,15.88,126800.0,5.9805172778531,253600.0
2828,1994-06-13,15.75,16.25,15.75,16.25,334300.0,6.1198618239995,668600.0
2829,1994-06-14,16.25,16.38,16.25,16.38,180000.0,6.1688207185915,360000.0
2830,1994-06-15,16.25,16.38,15.75,15.75,144200.0,5.9315583832611,288400.0
2831,1994-06-16,15.88,16.12,15.75,16.12,70300.0,6.0709029294075,140600.0
2832,1994-06-17,16.25,16.25,16.12,16.12,227300.0,6.0709029294075,454600.0
2833,1994-06-20,16.0,16.25,15.88,16.25,92800.0,6.1198618239995,185600.0
2834,1994-06-21,16.0,16.12,15.88,16.0,110100.0,6.025710103630298,220200.0
2835,1994-06-22,16.0,16.25,16.0,16.0,76300.0,6.025710103630298,152600.0
2836,1994-06-23,15.88,16.12,15.62,15.62,76700.0,5.8825994886691,153400.0
2837,1994-06-24,15.75,15.75,15.12,15.12,288800.0,5.6942960479306,577600.0
2838,1994-06-27,15.12,15.25,14.88,15.0,123100.0,5.6491032221534,246200.0
2839,1994-06-28,15.12,15.12,15.0,15.0,18700.0,5.6491032221534,37400.0
2840,1994-06-29,15.12,15.12,15.0,15.0,167000.0,5.6491032221534,334000.0
2841,1994-06-30,15.0,15.12,14.88,15.0,97500.0,5.6491032221534,195000.0
2842,1994-07-01,15.0,15.12,15.0,15.0,24600.0,5.6491032221534,49200.0
2843,1994-07-05,15.0,15.12,14.88,14.88,71800.0,5.603910396376199,143600.0
2844,1994-07-06,14.88,15.38,14.88,15.25,86600.0,5.7432549425226,173200.0
2845,1994-07-07,15.25,15.38,15.0,15.0,57200.0,5.6491032221534,114400.0
2846,1994-07-08,15.12,15.25,15.0,15.25,42000.0,5.7432549425226,84000.0
2847,1994-07-11,15.38,15.62,15.25,15.62,107700.0,5.8825994886691,215400.0
2848,1994-07-12,15.5,15.62,15.5,15.5,61600.0,5.8374066628919,123200.0
2849,1994-07-13,15.5,15.62,15.5,15.5,68800.0,5.8374066628919,137600.0
2850,1994-07-14,15.5,15.62,15.5,15.5,69100.0,5.8374066628919,138200.0
2851,1994-07-15,15.5,15.62,15.38,15.5,64200.0,5.8374066628919,128400.0
2852,1994-07-18,15.5,15.5,15.12,15.25,40100.0,5.769617424226,80200.0
2853,1994-07-19,15.12,15.38,15.0,15.25,37400.0,5.769617424226,74800.0
2854,1994-07-20,15.25,15.38,15.12,15.12,40200.0,5.7204338002818,80400.0
2855,1994-07-21,15.12,15.38,15.12,15.25,39700.0,5.769617424226,79400.0
2856,1994-07-22,15.25,15.25,15.12,15.25,59000.0,5.769617424226,118000.0
2857,1994-07-25,15.12,15.25,15.0,15.0,111800.0,5.6750335320256,223600.0
2858,1994-07-26,15.12,15.25,15.0,15.25,126700.0,5.769617424226,253400.0
2859,1994-07-27,15.25,15.38,15.12,15.38,41600.0,5.818801048170201,83200.0
2860,1994-07-28,15.38,15.62,15.25,15.62,18500.0,5.9096015846826,37000.0
2861,1994-07-29,15.5,15.5,15.25,15.38,86700.0,5.818801048170201,173400.0
2862,1994-08-01,15.38,15.5,15.25,15.5,74800.0,5.8642013164264,149600.0
2863,1994-08-02,15.5,15.88,15.5,15.88,59300.0,6.0079688325711,118600.0
2864,1994-08-03,15.62,15.75,14.88,14.88,250300.0,5.6296332637694,500600.0
2865,1994-08-04,14.88,15.25,14.62,15.12,139700.0,5.7204338002818,279400.0
2866,1994-08-05,14.75,14.88,14.62,14.75,44200.0,5.5804496398252,88400.0
2867,1994-08-08,14.88,14.88,14.75,14.75,40000.0,5.5804496398252,80000.0
2868,1994-08-09,14.75,15.0,14.75,14.88,37500.0,5.6296332637694,75000.0
2869,1994-08-10,15.0,15.0,14.75,14.88,52100.0,5.6296332637694,104200.0
2870,1994-08-11,15.0,15.0,14.75,14.88,79100.0,5.6296332637694,158200.0
2871,1994-08-12,15.0,15.5,15.0,15.5,46800.0,5.8642013164264,93600.0
2872,1994-08-15,15.25,15.38,15.12,15.25,48100.0,5.769617424226,96200.0
2873,1994-08-16,15.12,15.5,15.12,15.38,58100.0,5.818801048170201,116200.0
2874,1994-08-17,15.38,15.5,15.12,15.25,87000.0,5.769617424226,174000.0
2875,1994-08-18,15.12,15.25,15.0,15.12,62100.0,5.7204338002818,124200.0
2876,1994-08-19,15.12,15.25,15.0,15.25,65900.0,5.769617424226,131800.0
2877,1994-08-22,15.12,15.25,15.0,15.0,45200.0,5.6750335320256,90400.0
2878,1994-08-23,15.12,15.12,14.75,14.75,87700.0,5.5804496398252,175400.0
2879,1994-08-24,14.88,15.12,14.88,15.0,56100.0,5.6750335320256,112200.0
2880,1994-08-25,15.12,15.12,15.0,15.12,76700.0,5.7204338002818,153400.0
2881,1994-08-26,15.12,15.12,15.0,15.0,59000.0,5.6750335320256,118000.0
2882,1994-08-29,15.0,15.75,15.0,15.5,283700.0,5.8642013164264,567400.0
2883,1994-08-30,15.5,15.62,15.25,15.38,187900.0,5.818801048170201,375800.0
2884,1994-08-31,15.38,15.88,15.38,15.5,115600.0,5.8642013164264,231200.0
2885,1994-09-01,15.62,15.75,15.38,15.38,34700.0,5.818801048170201,69400.0
2886,1994-09-02,15.38,15.62,15.25,15.25,32900.0,5.769617424226,65800.0
2887,1994-09-06,15.38,15.38,15.0,15.12,90200.0,5.7204338002818,180400.0
2888,1994-09-07,15.25,15.25,15.0,15.0,57000.0,5.6750335320256,114000.0
2889,1994-09-08,15.0,15.12,14.88,15.0,168400.0,5.6750335320256,336800.0
2890,1994-09-09,14.88,15.0,14.88,15.0,56900.0,5.6750335320256,113800.0
2891,1994-09-12,14.88,15.12,14.88,15.0,281200.0,5.6750335320256,562400.0
2892,1994-09-13,15.0,15.12,14.88,15.0,113100.0,5.6750335320256,226200.0
2893,1994-09-14,15.0,15.25,15.0,15.12,80500.0,5.7204338002818,161000.0
2894,1994-09-15,15.12,15.25,15.12,15.25,35700.0,5.769617424226,71400.0
2895,1994-09-16,15.12,15.25,15.06,15.12,156800.0,5.7204338002818,313600.0
2896,1994-09-19,15.12,15.38,15.12,15.12,81700.0,5.7204338002818,163400.0
2897,1994-09-20,15.0,15.25,15.0,15.25,137600.0,5.769617424226,275200.0
2898,1994-09-21,15.12,15.25,15.12,15.12,55500.0,5.7204338002818,111000.0
2899,1994-09-22,15.38,15.38,15.12,15.25,197400.0,5.769617424226,394800.0
2900,1994-09-23,15.12,15.38,15.12,15.25,41400.0,5.769617424226,82800.0
2901,1994-09-26,15.38,15.38,15.25,15.38,111400.0,5.818801048170201,222800.0
2902,1994-09-27,15.38,15.5,15.25,15.25,101100.0,5.769617424226,202200.0
2903,1994-09-28,15.25,15.25,15.12,15.12,68900.0,5.7204338002818,137800.0
2904,1994-09-29,15.25,15.25,15.12,15.25,114100.0,5.769617424226,228200.0
2905,1994-09-30,15.38,15.5,15.25,15.25,225700.0,5.769617424226,451400.0
2906,1994-10-03,15.25,15.38,15.25,15.25,72200.0,5.769617424226,144400.0
2907,1994-10-04,15.38,15.5,15.25,15.38,78100.0,5.818801048170201,156200.0
2908,1994-10-05,15.38,15.62,15.38,15.5,54600.0,5.8642013164264,109200.0
2909,1994-10-06,15.88,16.62,15.75,16.5,265600.0,6.2425368852281,531200.0
2910,1994-10-07,16.38,16.88,16.38,16.88,160200.0,6.3863044013728,320400.0
2911,1994-10-10,16.75,17.0,16.75,16.88,123100.0,6.3863044013728,246200.0
2912,1994-10-11,16.88,17.0,16.62,16.75,130800.0,6.3371207774285985,261600.0
2913,1994-10-12,16.5,16.62,16.12,16.25,101600.0,6.1479529930277,203200.0
2914,1994-10-13,16.5,16.62,16.25,16.25,176200.0,6.1479529930277,352400.0
2915,1994-10-14,16.38,16.38,16.0,16.25,246100.0,6.1479529930277,492200.0
2916,1994-10-17,16.12,16.38,16.12,16.25,100400.0,6.1744364828438,200800.0
2917,1994-10-18,16.38,16.38,16.12,16.25,117500.0,6.1744364828438,235000.0
2918,1994-10-19,16.12,16.75,16.12,16.38,153700.0,6.2238319747066,307400.0
2919,1994-10-20,16.62,16.88,16.38,16.62,161600.0,6.3150236519917,323200.0
2920,1994-10-21,16.88,17.0,16.62,16.75,58100.0,6.3644191438544,116200.0
2921,1994-10-24,16.75,17.25,16.5,16.62,158100.0,6.3150236519917,316200.0
2922,1994-10-25,16.38,16.62,16.38,16.5,59900.0,6.2694278133491,119800.0
2923,1994-10-26,16.5,16.62,16.0,16.0,62100.0,6.0794451523386,124200.0
2924,1994-10-27,16.12,16.25,15.88,16.25,81000.0,6.1744364828438,162000.0
2925,1994-10-28,16.25,16.5,16.12,16.25,88400.0,6.1744364828438,176800.0
2926,1994-10-31,16.12,16.38,16.12,16.12,31900.0,6.125040990981098,63800.0
2927,1994-11-01,16.25,16.38,15.88,15.88,241000.0,6.033849313696001,482000.0
2928,1994-11-02,16.0,16.25,15.88,15.88,711900.0,6.033849313696001,1423800.0
2929,1994-11-03,15.88,16.0,15.88,16.0,61200.0,6.0794451523386,122400.0
2930,1994-11-04,16.0,16.0,15.5,15.5,130600.0,5.889462491328,261200.0
2931,1994-11-07,15.62,15.75,15.25,15.75,225700.0,5.984453821833299,451400.0
2932,1994-11-08,15.62,15.88,15.62,15.62,52900.0,5.9350583299705,105800.0
2933,1994-11-09,15.88,15.88,15.5,15.62,35900.0,5.9350583299705,71800.0
2934,1994-11-10,15.62,15.62,15.5,15.5,44900.0,5.889462491328,89800.0
2935,1994-11-11,15.5,15.5,15.38,15.38,46300.0,5.8438666526854,92600.0
2936,1994-11-14,15.5,15.5,15.12,15.25,59200.0,5.7944711608227015,118400.0
2937,1994-11-15,15.12,15.25,15.12,15.25,178100.0,5.7944711608227015,356200.0
2938,1994-11-16,15.12,15.25,15.12,15.12,50200.0,5.7450756689599,100400.0
2939,1994-11-17,15.25,15.25,15.0,15.12,31500.0,5.7450756689599,63000.0
2940,1994-11-18,15.25,15.25,15.0,15.0,41500.0,5.699479830317402,83000.0
2941,1994-11-21,15.25,15.5,15.0,15.12,270800.0,5.7450756689599,541600.0
2942,1994-11-22,15.0,15.12,14.88,15.0,98800.0,5.699479830317402,197600.0
2943,1994-11-23,14.88,15.0,14.88,15.0,121500.0,5.699479830317402,243000.0
2944,1994-11-25,14.88,15.0,14.88,15.0,20600.0,5.699479830317402,41200.0
2945,1994-11-28,14.88,15.25,14.88,15.25,59300.0,5.7944711608227015,118600.0
2946,1994-11-29,15.0,15.12,14.88,14.88,88200.0,5.6538839916749,176400.0
2947,1994-11-30,14.88,15.0,14.75,14.75,67700.0,5.6044884998121,135400.0
2948,1994-12-01,14.75,14.88,14.75,14.75,56400.0,5.6044884998121,112800.0
2949,1994-12-02,14.75,14.88,14.62,14.88,127000.0,5.6538839916749,254000.0
2950,1994-12-05,14.88,15.0,14.38,14.38,63100.0,5.4639013306642985,126200.0
2951,1994-12-06,14.38,14.62,14.25,14.25,65400.0,5.4145058388015,130800.0
2952,1994-12-07,14.25,14.5,14.25,14.5,25600.0,5.5094971693068,51200.0
2953,1994-12-08,14.38,14.38,14.12,14.38,40300.0,5.4639013306642985,80600.0
2954,1994-12-09,14.25,14.25,13.75,14.12,44000.0,5.3651103469388,88000.0
2955,1994-12-12,14.0,14.25,14.0,14.25,28800.0,5.4145058388015,57600.0
2956,1994-12-13,14.12,14.38,14.12,14.25,90000.0,5.4145058388015,180000.0
2957,1994-12-14,14.38,14.75,14.38,14.75,59600.0,5.6044884998121,119200.0
2958,1994-12-15,14.62,14.88,14.5,14.75,31000.0,5.6044884998121,62000.0
2959,1994-12-16,14.88,14.88,14.12,14.5,169200.0,5.5094971693068,338400.0
2960,1994-12-19,14.38,14.62,14.25,14.38,31900.0,5.4639013306642985,63800.0
2961,1994-12-20,14.5,14.5,14.25,14.25,54700.0,5.4145058388015,109400.0
2962,1994-12-21,14.38,14.75,14.25,14.38,73100.0,5.4639013306642985,146200.0
2963,1994-12-22,14.5,14.5,14.25,14.25,78400.0,5.4145058388015,156800.0
2964,1994-12-23,14.5,14.62,14.25,14.25,56200.0,5.4145058388015,112400.0
2965,1994-12-27,14.38,14.38,14.25,14.25,67700.0,5.4145058388015,135400.0
2966,1994-12-28,14.25,14.38,14.25,14.38,105700.0,5.4639013306642985,211400.0
2967,1994-12-29,14.38,14.38,14.25,14.38,112400.0,5.4639013306642985,224800.0
2968,1994-12-30,14.25,14.38,14.12,14.12,101200.0,5.3651103469388,202400.0
2969,1995-01-03,14.12,14.62,14.12,14.62,118000.0,5.5550930079494,236000.0
2970,1995-01-04,14.62,14.75,14.5,14.75,516600.0,5.6044884998121,1033200.0
2971,1995-01-05,14.75,14.75,14.38,14.38,67100.0,5.4639013306642985,134200.0
2972,1995-01-06,14.5,14.5,14.0,14.12,115700.0,5.3651103469388,231400.0
2973,1995-01-09,14.25,14.25,13.88,13.88,84500.0,5.2739186696537,169000.0
2974,1995-01-10,14.0,14.0,13.25,13.5,262800.0,5.1295318472857,525600.0
2975,1995-01-11,13.5,13.75,13.25,13.62,289100.0,5.1751276859282,578200.0
2976,1995-01-12,13.62,13.75,13.5,13.62,115000.0,5.1751276859282,230000.0
2977,1995-01-13,13.62,13.88,13.5,13.75,140300.0,5.2511207503324,280600.0
2978,1995-01-16,13.75,13.75,13.5,13.75,220900.0,5.2511207503324,441800.0
2979,1995-01-17,13.62,13.62,13.38,13.5,208000.0,5.1556458275991,416000.0
2980,1995-01-18,13.5,13.5,13.38,13.5,79100.0,5.1556458275991,158200.0
2981,1995-01-19,13.38,13.62,13.38,13.38,60500.0,5.109817864687098,121000.0
2982,1995-01-20,13.5,13.5,13.25,13.5,70300.0,5.1556458275991,140600.0
2983,1995-01-23,13.25,13.38,13.25,13.38,52900.0,5.109817864687098,105800.0
2984,1995-01-24,13.38,13.5,13.25,13.25,302200.0,5.0601709048658,604400.0
2985,1995-01-25,13.0,13.62,13.0,13.38,383700.0,5.109817864687098,767400.0
2986,1995-01-26,13.5,13.62,13.12,13.5,128200.0,5.1556458275991,256400.0
2987,1995-01-27,13.62,13.75,13.38,13.5,37700.0,5.1556458275991,75400.0
2988,1995-01-30,13.62,13.75,13.62,13.75,194100.0,5.2511207503324,388200.0
2989,1995-01-31,13.75,14.0,13.75,14.0,121600.0,5.3465956730657,243200.0
2990,1995-02-01,14.0,14.12,13.75,13.75,142000.0,5.2511207503324,284000.0
2991,1995-02-02,13.88,13.88,13.62,13.75,58900.0,5.2511207503324,117800.0
2992,1995-02-03,13.88,14.0,13.75,13.88,22000.0,5.3007677101537,44000.0
2993,1995-02-06,14.0,14.12,13.88,14.12,71800.0,5.3924236359777,143600.0
2994,1995-02-07,14.0,14.12,14.0,14.12,48100.0,5.3924236359777,96200.0
2995,1995-02-08,14.0,14.38,14.0,14.25,41300.0,5.442070595799099,82600.0
2996,1995-02-09,14.25,14.5,14.12,14.12,349200.0,5.3924236359777,698400.0
2997,1995-02-10,14.5,14.5,14.25,14.5,32700.0,5.5375455185324,65400.0
2998,1995-02-13,14.38,14.88,14.38,14.5,55400.0,5.5375455185324,110800.0
2999,1995-02-14,14.62,14.62,14.38,14.5,28900.0,5.5642784968977,57800.0
3000,1995-02-15,14.5,14.5,14.25,14.25,90000.0,5.4683426607443,180000.0
3001,1995-02-16,14.25,14.38,14.25,14.25,69600.0,5.4683426607443,139200.0
3002,1995-02-17,14.38,14.5,14.25,14.38,50400.0,5.5182292955441,100800.0
3003,1995-02-21,14.5,14.5,14.25,14.38,37100.0,5.5182292955441,74200.0
3004,1995-02-22,14.38,14.62,14.25,14.25,87300.0,5.4683426607443,174600.0
3005,1995-02-23,14.38,14.62,14.25,14.38,80800.0,5.5182292955441,161600.0
3006,1995-02-24,14.5,14.5,14.25,14.38,388800.0,5.5182292955441,777600.0
3007,1995-02-27,14.38,14.5,14.12,14.25,77300.0,5.4683426607443,154600.0
3008,1995-02-28,14.25,14.38,14.12,14.38,77900.0,5.5182292955441,155800.0
3009,1995-03-01,14.38,14.38,14.25,14.25,11700.0,5.4683426607443,23400.0
3010,1995-03-02,14.12,14.25,14.0,14.12,241300.0,5.4184560259445,482600.0
3011,1995-03-03,14.12,14.25,14.0,14.12,268800.0,5.4184560259445,537600.0
3012,1995-03-06,14.25,14.25,14.0,14.25,19000.0,5.4683426607443,38000.0
3013,1995-03-07,14.0,14.12,13.88,13.88,54500.0,5.3263576232373,109000.0
3014,1995-03-08,14.0,14.0,13.88,13.88,131100.0,5.3263576232373,262200.0
3015,1995-03-09,13.88,14.0,13.88,13.88,20500.0,5.3263576232373,41000.0
3016,1995-03-10,14.0,14.75,14.0,14.38,243100.0,5.5182292955441,486200.0
3017,1995-03-13,14.38,14.38,14.12,14.25,49900.0,5.4683426607443,99800.0
3018,1995-03-14,14.25,14.25,14.0,14.0,32700.0,5.3724068245909,65400.0
3019,1995-03-15,13.88,14.0,13.88,14.0,45500.0,5.3724068245909,91000.0
3020,1995-03-16,14.12,14.25,14.0,14.12,67900.0,5.4184560259445,135800.0
3021,1995-03-17,14.5,14.88,14.38,14.88,409900.0,5.7101009678509005,819800.0
3022,1995-03-20,14.75,15.12,14.75,15.0,476100.0,5.7561501692045,952200.0
3023,1995-03-21,15.0,15.12,14.75,14.88,101200.0,5.7101009678509005,202400.0
3024,1995-03-22,14.88,15.12,14.62,15.0,204900.0,5.7561501692045,409800.0
3025,1995-03-23,14.88,15.25,14.75,15.0,140000.0,5.7561501692045,280000.0
3026,1995-03-24,15.38,15.5,15.12,15.25,131600.0,5.852086005357901,263200.0
3027,1995-03-27,15.12,15.25,15.12,15.25,42500.0,5.852086005357901,85000.0
3028,1995-03-28,15.0,15.12,15.0,15.0,22800.0,5.7561501692045,45600.0
3029,1995-03-29,15.0,15.12,15.0,15.0,40300.0,5.7561501692045,80600.0
3030,1995-03-30,15.12,15.12,15.0,15.0,36900.0,5.7561501692045,73800.0
3031,1995-03-31,15.0,15.12,15.0,15.0,33600.0,5.7561501692045,67200.0
3032,1995-04-03,15.0,15.25,15.0,15.25,30400.0,5.852086005357901,60800.0
3033,1995-04-04,15.38,15.38,15.12,15.38,110600.0,5.901972640157701,221200.0
3034,1995-04-05,15.25,15.25,15.0,15.12,64200.0,5.8021993705582,128400.0
3035,1995-04-06,15.25,15.25,15.0,15.25,10800.0,5.852086005357901,21600.0
3036,1995-04-07,15.12,15.25,15.0,15.25,26000.0,5.852086005357901,52000.0
3037,1995-04-10,15.12,15.62,15.12,15.5,76400.0,5.9480218415113,152800.0
3038,1995-04-11,15.62,16.0,15.5,16.0,121900.0,6.139893513818199,243800.0
3039,1995-04-12,16.0,16.0,15.88,16.0,117900.0,6.139893513818199,235800.0
3040,1995-04-13,16.0,16.38,15.88,16.38,173500.0,6.2857159847713,347000.0
3041,1995-04-17,16.12,16.62,16.12,16.62,276100.0,6.404676421601598,552200.0
3042,1995-04-18,16.62,16.62,16.5,16.5,178200.0,6.3584332705431,356400.0
3043,1995-04-19,16.5,16.88,16.5,16.88,89200.0,6.5048699155616,178400.0
3044,1995-04-20,16.88,16.88,16.62,16.75,56300.0,6.4547731685816006,112600.0
3045,1995-04-21,16.88,16.88,16.5,16.5,49000.0,6.3584332705431,98000.0
3046,1995-04-24,16.62,16.62,16.12,16.5,152500.0,6.3584332705431,305000.0
3047,1995-04-25,16.38,16.62,16.38,16.5,96400.0,6.3584332705431,192800.0
3048,1995-04-26,16.5,17.0,16.5,16.88,52100.0,6.5048699155616,104200.0
3049,1995-04-27,16.88,16.88,16.75,16.75,78500.0,6.4547731685816006,157000.0
3050,1995-04-28,16.88,17.38,16.75,16.88,330800.0,6.5048699155616,661600.0
3051,1995-05-01,16.75,17.12,16.75,17.0,73100.0,6.5511130666201,146200.0
3052,1995-05-02,17.12,17.12,16.62,16.62,184000.0,6.404676421601598,368000.0
3053,1995-05-03,16.75,17.0,16.62,17.0,449400.0,6.5511130666201,898800.0
3054,1995-05-04,17.25,17.25,17.0,17.12,40000.0,6.597356217678598,80000.0
3055,1995-05-05,17.12,17.25,17.0,17.25,36000.0,6.6474529646587,72000.0
3056,1995-05-08,17.25,17.25,16.75,17.12,25800.0,6.597356217678598,51600.0
3057,1995-05-09,17.0,17.38,17.0,17.25,60900.0,6.6474529646587,121800.0
3058,1995-05-10,17.25,17.88,17.12,17.88,94000.0,6.8902295077158,188000.0
3059,1995-05-11,17.88,18.0,17.5,17.5,191300.0,6.743792862697201,382600.0
3060,1995-05-12,17.38,18.12,17.38,18.12,132000.0,6.9827158098328,264000.0
3061,1995-05-15,18.12,18.25,17.75,17.88,32000.0,6.8902295077158,64000.0
3062,1995-05-16,18.0,18.12,17.88,18.12,52700.0,6.9827158098328,105400.0
3063,1995-05-17,18.12,18.12,17.88,18.0,38500.0,6.936472658774298,77000.0
3064,1995-05-18,17.88,18.0,17.25,17.38,44900.0,6.6975497116387,89800.0
3065,1995-05-19,17.25,17.38,17.12,17.38,54000.0,6.6975497116387,108000.0
3066,1995-05-22,17.38,18.12,17.25,18.0,67000.0,6.936472658774298,134000.0
3067,1995-05-23,18.0,18.0,17.75,18.0,45500.0,6.936472658774298,91000.0
3068,1995-05-24,18.0,18.25,18.0,18.12,123800.0,6.9827158098328,247600.0
3069,1995-05-25,18.12,18.25,18.0,18.12,160200.0,6.9827158098328,320400.0
3070,1995-05-26,18.25,18.38,18.12,18.38,119400.0,7.0829093037928,238800.0
3071,1995-05-30,18.25,18.25,17.62,17.88,88300.0,6.8902295077158,176600.0
3072,1995-05-31,18.0,18.12,17.88,18.12,63200.0,6.9827158098328,126400.0
3073,1995-06-01,18.0,18.0,17.75,17.88,44400.0,6.8902295077158,88800.0
3074,1995-06-02,17.75,17.88,17.75,17.88,39800.0,6.8902295077158,79600.0
3075,1995-06-05,17.75,17.75,17.25,17.5,60900.0,6.743792862697201,121800.0
3076,1995-06-06,17.5,17.62,17.5,17.62,54200.0,6.7900360137557,108400.0
3077,1995-06-07,17.5,17.62,17.38,17.38,60600.0,6.6975497116387,121200.0
3078,1995-06-08,17.5,17.5,17.12,17.38,34500.0,6.6975497116387,69000.0
3079,1995-06-09,17.38,17.38,17.12,17.12,30300.0,6.597356217678598,60600.0
3080,1995-06-12,17.25,17.25,17.12,17.12,53700.0,6.597356217678598,107400.0
3081,1995-06-13,17.25,17.25,17.12,17.25,46300.0,6.6474529646587,92600.0
3082,1995-06-14,17.12,17.38,17.12,17.38,90500.0,6.6975497116387,181000.0
3083,1995-06-15,17.25,17.38,17.25,17.25,41300.0,6.6474529646587,82600.0
3084,1995-06-16,17.38,17.38,17.12,17.12,133500.0,6.597356217678598,267000.0
3085,1995-06-19,17.12,17.25,17.0,17.0,82900.0,6.5511130666201,165800.0
3086,1995-06-20,17.0,17.25,17.0,17.25,50100.0,6.6474529646587,100200.0
3087,1995-06-21,17.0,17.0,16.5,16.5,196500.0,6.3584332705431,393000.0
3088,1995-06-22,16.62,16.62,16.38,16.62,153100.0,6.404676421601598,306200.0
3089,1995-06-23,16.62,16.88,16.62,16.88,111500.0,6.5048699155616,223000.0
3090,1995-06-26,16.88,16.88,16.12,16.12,210300.0,6.2119966255245,420600.0
3091,1995-06-27,16.38,16.5,16.12,16.25,77100.0,6.2620933725045,154200.0
3092,1995-06-28,16.25,16.5,16.12,16.5,78000.0,6.3584332705431,156000.0
3093,1995-06-29,16.5,16.62,16.25,16.62,78900.0,6.404676421601598,157800.0
3094,1995-06-30,16.62,16.75,16.38,16.75,138500.0,6.4547731685816006,277000.0
3095,1995-07-03,16.75,16.75,16.62,16.75,12800.0,6.4547731685816006,25600.0
3096,1995-07-05,16.62,16.62,16.38,16.5,50300.0,6.3584332705431,100600.0
3097,1995-07-06,16.5,17.12,16.5,17.12,50700.0,6.597356217678598,101400.0
3098,1995-07-07,16.88,17.25,16.88,17.25,66500.0,6.6474529646587,133000.0
3099,1995-07-10,17.25,17.5,17.25,17.38,110700.0,6.6975497116387,221400.0
3100,1995-07-11,17.38,17.75,17.38,17.62,103100.0,6.7900360137557,206200.0
3101,1995-07-12,17.75,17.88,17.5,17.62,239500.0,6.7900360137557,479000.0
3102,1995-07-13,17.62,17.75,17.5,17.62,84800.0,6.7900360137557,169600.0
3103,1995-07-14,17.62,17.75,17.5,17.75,22400.0,6.8401327607357,44800.0
3104,1995-07-17,17.62,17.88,17.5,17.75,61600.0,6.8401327607357,123200.0
3105,1995-07-18,17.75,17.88,17.62,17.62,93700.0,6.7900360137557,187400.0
3106,1995-07-19,17.38,17.5,17.0,17.25,221500.0,6.6744281361095,443000.0
3107,1995-07-20,17.12,17.5,17.0,17.38,42500.0,6.7247281742367,85000.0
3108,1995-07-21,17.38,17.88,17.38,17.75,81400.0,6.8678898212141,162800.0
3109,1995-07-24,17.88,17.88,17.5,17.62,76500.0,6.817589783086902,153000.0
3110,1995-07-25,18.12,18.12,17.88,17.88,76600.0,6.9181898593412985,153200.0
3111,1995-07-26,17.88,18.12,17.75,17.88,102700.0,6.9181898593412985,205400.0
3112,1995-07-27,17.88,18.5,17.88,18.5,108800.0,7.158082348871,217600.0
3113,1995-07-28,18.38,18.62,18.25,18.38,258700.0,7.111651544445901,517400.0
3114,1995-07-31,18.5,18.62,18.38,18.62,155700.0,7.2045131532961,311400.0
3115,1995-08-01,18.62,18.62,18.25,18.5,186500.0,7.158082348871,373000.0
3116,1995-08-02,18.62,18.75,18.5,18.62,247300.0,7.2045131532961,494600.0
3117,1995-08-03,18.5,18.75,18.5,18.75,341000.0,7.254813191423299,682000.0
3118,1995-08-04,18.62,18.75,18.62,18.62,163100.0,7.2045131532961,326200.0
3119,1995-08-07,18.62,19.0,18.62,18.88,142700.0,7.3051132295505,285400.0
3120,1995-08-08,19.0,19.12,18.88,19.0,91500.0,7.3515440339756,183000.0
3121,1995-08-09,19.12,19.25,19.0,19.0,86500.0,7.3515440339756,173000.0
3122,1995-08-10,19.12,19.25,19.0,19.0,130800.0,7.3515440339756,261600.0
3123,1995-08-11,19.0,19.25,18.88,19.0,99200.0,7.3515440339756,198400.0
3124,1995-08-14,19.0,19.12,18.88,19.12,61400.0,7.3979748384007005,122800.0
3125,1995-08-15,19.12,19.25,19.0,19.12,64800.0,7.3979748384007005,129600.0
3126,1995-08-16,19.12,19.25,19.0,19.0,239900.0,7.3515440339756,479800.0
3127,1995-08-17,19.0,19.25,19.0,19.12,90800.0,7.3979748384007005,181600.0
3128,1995-08-18,19.25,19.38,19.0,19.0,83400.0,7.3515440339756,166800.0
3129,1995-08-21,19.12,19.25,19.0,19.0,81900.0,7.3515440339756,163800.0
3130,1995-08-22,19.0,19.12,19.0,19.0,45100.0,7.3515440339756,90200.0
3131,1995-08-23,19.12,19.25,19.12,19.25,23100.0,7.4482748765279005,46200.0
3132,1995-08-24,19.0,19.25,19.0,19.0,25200.0,7.3515440339756,50400.0
3133,1995-08-25,19.12,19.12,19.0,19.0,24900.0,7.3515440339756,49800.0
3134,1995-08-28,19.12,19.12,18.88,18.88,71900.0,7.3051132295505,143800.0
3135,1995-08-29,19.0,19.0,18.75,18.75,18900.0,7.254813191423299,37800.0
3136,1995-08-30,18.75,19.0,18.75,18.88,3646700.0,7.3051132295505,7293400.0
3137,1995-08-31,18.75,19.25,18.75,19.0,69400.0,7.3515440339756,138800.0
3138,1995-09-01,19.0,19.12,19.0,19.0,16400.0,7.3515440339756,32800.0
3139,1995-09-05,19.0,19.25,19.0,19.0,68800.0,7.3515440339756,137600.0
3140,1995-09-06,19.0,19.25,19.0,19.12,56000.0,7.3979748384007005,112000.0
3141,1995-09-07,19.25,19.25,19.0,19.12,52700.0,7.3979748384007005,105400.0
3142,1995-09-08,19.12,19.12,19.0,19.12,28000.0,7.3979748384007005,56000.0
3143,1995-09-11,19.25,19.25,19.12,19.12,16500.0,7.3979748384007005,33000.0
3144,1995-09-12,19.12,19.25,19.0,19.25,18900.0,7.4482748765279005,37800.0
3145,1995-09-13,19.12,19.38,19.12,19.12,43200.0,7.3979748384007005,86400.0
3146,1995-09-14,19.12,19.38,19.12,19.25,28600.0,7.4482748765279005,57200.0
3147,1995-09-15,19.12,19.25,19.12,19.25,113500.0,7.4482748765279005,227000.0
3148,1995-09-18,19.25,19.88,19.25,19.88,73800.0,7.692036599759799,147600.0
3149,1995-09-19,19.88,20.0,19.75,20.0,105900.0,7.7384674041849015,211800.0
3150,1995-09-20,20.0,20.0,19.88,20.0,56100.0,7.7384674041849015,112200.0
3151,1995-09-21,20.0,20.0,19.12,19.38,30000.0,7.4985749146551,60000.0
3152,1995-09-22,19.12,19.62,19.12,19.12,40000.0,7.3979748384007005,80000.0
3153,1995-09-25,19.12,19.25,19.12,19.25,11400.0,7.4482748765279005,22800.0
3154,1995-09-26,19.38,19.62,19.25,19.62,92300.0,7.5914365235054015,184600.0
3155,1995-09-27,19.62,19.75,19.5,19.5,24800.0,7.5450057190803,49600.0
3156,1995-09-28,19.5,19.75,19.5,19.62,34800.0,7.5914365235054015,69600.0
3157,1995-09-29,19.62,19.88,19.38,19.5,59200.0,7.5450057190803,118400.0
3158,1995-10-02,19.5,19.62,19.25,19.5,45600.0,7.5450057190803,91200.0
3159,1995-10-03,19.62,19.62,19.25,19.38,56900.0,7.4985749146551,113800.0
3160,1995-10-04,19.12,19.5,19.12,19.5,33600.0,7.5450057190803,67200.0
3161,1995-10-05,19.5,19.5,19.12,19.25,114400.0,7.4482748765279005,228800.0
3162,1995-10-06,19.25,19.25,19.0,19.12,83400.0,7.3979748384007005,166800.0
3163,1995-10-09,19.25,19.25,19.0,19.25,19500.0,7.4482748765279005,39000.0
3164,1995-10-10,19.0,19.25,18.88,19.12,82200.0,7.3979748384007005,164400.0
3165,1995-10-11,19.12,19.38,18.12,18.12,101100.0,7.0110514681915,202200.0
3166,1995-10-12,18.25,18.75,18.25,18.62,87300.0,7.2045131532961,174600.0
3167,1995-10-13,18.88,18.88,18.62,18.62,40500.0,7.2045131532961,81000.0
3168,1995-10-16,18.88,18.88,18.38,18.38,33600.0,7.111651544445901,67200.0
3169,1995-10-17,18.5,19.0,18.25,19.0,60800.0,7.3515440339756,121600.0
3170,1995-10-18,18.75,18.88,18.12,18.25,53100.0,7.0884361422333,106200.0
3171,1995-10-19,18.12,18.5,18.0,18.38,127900.0,7.1389291120136,255800.0
3172,1995-10-20,18.38,18.75,18.38,18.75,33300.0,7.2826398721575,66600.0
3173,1995-10-23,18.5,18.62,18.25,18.5,38400.0,7.1855380071954,76800.0
3174,1995-10-24,18.25,18.5,18.0,18.25,24200.0,7.0884361422333,48400.0
3175,1995-10-25,18.75,18.88,18.62,18.62,35200.0,7.2321469023773,70400.0
3176,1995-10-26,18.5,18.5,18.12,18.5,29300.0,7.1855380071954,58600.0
3177,1995-10-27,18.38,18.75,18.38,18.62,29000.0,7.2321469023773,58000.0
3178,1995-10-30,18.38,18.62,18.38,18.62,66400.0,7.2321469023773,132800.0
3179,1995-10-31,18.62,18.88,18.62,18.62,52200.0,7.2321469023773,104400.0
3180,1995-11-01,18.75,18.88,18.62,18.75,20600.0,7.2826398721575,41200.0
3181,1995-11-02,18.88,18.88,18.75,18.75,35200.0,7.2826398721575,70400.0
3182,1995-11-03,18.75,19.0,18.75,19.0,22300.0,7.379741737119598,44600.0
3183,1995-11-06,18.88,19.0,18.88,18.88,14400.0,7.333132841937799,28800.0
3184,1995-11-07,19.0,19.12,18.88,19.0,67500.0,7.379741737119598,135000.0
3185,1995-11-08,19.12,19.25,19.0,19.25,28300.0,7.4768436020817015,56600.0
3186,1995-11-09,19.25,19.25,19.0,19.12,21500.0,7.4263506323015,43000.0
3187,1995-11-10,18.88,19.38,18.88,19.25,27000.0,7.4768436020817015,54000.0
3188,1995-11-13,19.38,19.38,19.0,19.0,27400.0,7.379741737119598,54800.0
3189,1995-11-14,19.12,19.12,18.75,18.75,37100.0,7.2826398721575,74200.0
3190,1995-11-15,18.75,19.0,18.5,19.0,135500.0,7.379741737119598,271000.0
3191,1995-11-16,18.88,19.12,18.75,19.0,48300.0,7.379741737119598,96600.0
3192,1995-11-17,19.12,19.12,19.0,19.12,23800.0,7.4263506323015,47600.0
3193,1995-11-20,19.0,19.25,18.75,19.25,42200.0,7.4768436020817015,84400.0
3194,1995-11-21,19.25,19.5,19.25,19.38,49700.0,7.527336571862,99400.0
3195,1995-11-22,19.5,19.5,19.25,19.25,31000.0,7.4768436020817015,62000.0
3196,1995-11-24,19.38,19.38,18.88,18.88,17400.0,7.333132841937799,34800.0
3197,1995-11-27,19.12,19.25,18.88,19.12,174600.0,7.4263506323015,349200.0
3198,1995-11-28,19.0,19.38,19.0,19.25,88300.0,7.4768436020817015,176600.0
3199,1995-11-29,19.25,19.25,19.0,19.0,148300.0,7.379741737119598,296600.0
3200,1995-11-30,19.12,19.38,19.0,19.25,146200.0,7.4768436020817015,292400.0
3201,1995-12-01,19.38,19.5,19.25,19.38,21700.0,7.527336571862,43400.0
3202,1995-12-04,19.38,19.5,19.25,19.5,148200.0,7.5739454670438,296400.0
3203,1995-12-05,19.38,19.5,19.25,19.38,33200.0,7.527336571862,66400.0
3204,1995-12-06,19.38,19.38,19.0,19.12,50600.0,7.4263506323015,101200.0
3205,1995-12-07,19.0,19.25,19.0,19.0,42300.0,7.379741737119598,84600.0
3206,1995-12-08,19.0,19.25,19.0,19.25,208300.0,7.4768436020817015,416600.0
3207,1995-12-11,19.38,19.5,19.25,19.5,22000.0,7.5739454670438,44000.0
3208,1995-12-12,19.5,19.62,19.25,19.62,74300.0,7.6205543622257,148600.0
3209,1995-12-13,19.5,20.0,19.5,20.0,193600.0,7.768149196968,387200.0
3210,1995-12-14,20.12,20.88,19.25,20.75,158900.0,8.0594547918543,317800.0
3211,1995-12-15,20.88,21.12,20.75,21.12,208400.0,8.2031655519983,416800.0
3212,1995-12-18,21.12,21.25,20.25,20.25,181700.0,7.8652510619301,363400.0
3213,1995-12-19,20.0,20.5,20.0,20.25,138600.0,7.8652510619301,277200.0
3214,1995-12-20,19.5,20.88,19.5,20.62,253400.0,8.0089618220741,506800.0
3215,1995-12-21,20.75,21.75,20.75,21.75,117900.0,8.4478622517028,235800.0
3216,1995-12-22,21.75,22.38,21.75,22.38,108600.0,8.6925589514072,217200.0
3217,1995-12-26,22.12,22.62,22.12,22.38,61000.0,8.6925589514072,122000.0
3218,1995-12-27,22.25,23.62,22.25,23.5,117000.0,9.1275753064375,234000.0
3219,1995-12-28,23.5,24.0,23.12,23.62,230500.0,9.174184201619301,461000.0
3220,1995-12-29,24.12,24.5,24.12,24.25,218400.0,9.418880901323801,436800.0
3221,1996-01-02,24.0,24.12,23.62,23.88,269300.0,9.275170141179801,538600.0
3222,1996-01-03,23.88,23.88,23.0,23.25,164300.0,9.0304734414754,328600.0
3223,1996-01-04,23.25,23.62,22.25,22.25,325200.0,8.642065981627,650400.0
3224,1996-01-05,22.25,22.25,21.38,21.38,134500.0,8.3041514915588,269000.0
3225,1996-01-08,21.62,21.75,21.5,21.75,92000.0,8.4478622517028,184000.0
3226,1996-01-09,21.88,21.88,21.0,21.5,50300.0,8.3507603867407,100600.0
3227,1996-01-10,21.5,21.5,20.62,21.0,156000.0,8.1565566568165,312000.0
3228,1996-01-11,21.12,21.12,20.88,21.0,263000.0,8.1565566568165,526000.0
3229,1996-01-12,21.0,21.25,20.38,21.25,136400.0,8.253658521778599,272800.0
3230,1996-01-15,21.0,21.12,20.88,20.88,35800.0,8.1099477616346,71600.0
3231,1996-01-16,21.0,21.0,20.75,21.0,78400.0,8.1565566568165,156800.0
3232,1996-01-17,20.88,21.12,20.88,21.12,97000.0,8.2303540741876,194000.0
3233,1996-01-18,21.12,21.5,21.12,21.38,96000.0,8.331674720934299,192000.0
3234,1996-01-19,21.5,21.88,21.5,21.75,207600.0,8.4758617951506,415200.0
3235,1996-01-22,21.62,22.38,21.62,22.38,113000.0,8.7213695161136,226000.0
3236,1996-01-23,22.38,22.38,21.88,22.38,173200.0,8.7213695161136,346400.0
3237,1996-01-24,22.62,23.0,22.38,22.88,201900.0,8.916216913703302,403800.0
3238,1996-01-25,23.0,23.0,22.5,22.5,141100.0,8.7681328915351,282200.0
3239,1996-01-26,22.75,22.88,22.38,22.75,138200.0,8.86555659033,276400.0
3240,1996-01-29,22.62,23.38,22.5,22.5,222500.0,8.7681328915351,445000.0
3241,1996-01-30,22.38,22.5,22.25,22.25,410600.0,8.670709192740299,821200.0
3242,1996-01-31,22.38,22.38,22.12,22.25,258900.0,8.670709192740299,517800.0
3243,1996-02-01,22.25,22.25,22.0,22.12,217300.0,8.620048869367,434600.0
3244,1996-02-02,22.12,22.38,22.0,22.25,181300.0,8.670709192740299,362600.0
3245,1996-02-05,22.25,22.75,22.25,22.75,64500.0,8.86555659033,129000.0
3246,1996-02-06,22.5,23.38,22.5,23.38,110400.0,9.111064311293,220800.0
3247,1996-02-07,23.0,23.25,22.62,23.25,148500.0,9.0604039879196,297000.0
3248,1996-02-08,23.25,23.62,22.75,23.62,183900.0,9.204591062136,367800.0
3249,1996-02-09,23.62,23.62,23.0,23.0,101800.0,8.9629802891248,203600.0
3250,1996-02-12,23.12,23.38,23.12,23.25,171900.0,9.0604039879196,343800.0
3251,1996-02-13,23.12,23.38,22.75,23.0,92200.0,8.9629802891248,184400.0
3252,1996-02-14,23.0,23.12,22.25,22.5,84000.0,8.7681328915351,168000.0
3253,1996-02-15,22.5,22.75,22.5,22.5,42800.0,8.7681328915351,85600.0
3254,1996-02-16,22.5,23.38,22.25,23.38,97000.0,9.111064311293,194000.0
3255,1996-02-20,23.12,23.5,23.12,23.25,115300.0,9.0604039879196,230600.0
3256,1996-02-21,23.38,23.62,23.38,23.62,167400.0,9.204591062136,334800.0
3257,1996-02-22,23.75,24.25,23.75,24.25,160700.0,9.450098783099001,321400.0
3258,1996-02-23,24.25,24.88,24.25,24.62,238900.0,9.5942858573153,477800.0
3259,1996-02-26,24.62,25.12,24.5,24.62,146500.0,9.5942858573153,293000.0
3260,1996-02-27,24.75,24.75,24.0,24.38,90600.0,9.5007591064723,181200.0
3261,1996-02-28,24.75,25.0,24.5,24.5,165000.0,9.5475224818938,330000.0
3262,1996-02-29,24.5,24.75,23.88,23.88,80200.0,9.3059117088826,160400.0
3263,1996-03-01,24.25,24.25,24.0,24.25,69900.0,9.450098783099001,139800.0
3264,1996-03-04,24.25,24.75,24.25,24.25,95500.0,9.450098783099001,191000.0
3265,1996-03-05,24.25,24.88,23.5,24.62,214700.0,9.5942858573153,429400.0
3266,1996-03-06,24.62,24.75,24.25,24.75,88800.0,9.6449461806886,177600.0
3267,1996-03-07,24.62,24.75,24.5,24.75,112400.0,9.6449461806886,224800.0
3268,1996-03-08,24.75,24.75,24.0,24.12,80000.0,9.3994384597257,160000.0
3269,1996-03-11,23.75,24.0,23.12,23.88,86400.0,9.3059117088826,172800.0
3270,1996-03-12,23.62,23.88,22.88,23.0,287300.0,8.9629802891248,574600.0
3271,1996-03-13,23.0,23.12,22.62,23.0,143800.0,8.9629802891248,287600.0
3272,1996-03-14,23.0,23.38,23.0,23.38,97200.0,9.111064311293,194400.0
3273,1996-03-15,23.25,23.5,23.25,23.25,118500.0,9.0604039879196,237000.0
3274,1996-03-18,23.5,24.0,23.38,24.0,37400.0,9.3526750843041,74800.0
3275,1996-03-19,23.88,24.0,23.12,23.62,190600.0,9.204591062136,381200.0
3276,1996-03-20,23.38,23.38,22.88,22.88,61700.0,8.916216913703302,123400.0
3277,1996-03-21,22.88,23.0,22.75,22.88,180700.0,8.916216913703302,361400.0
3278,1996-03-22,22.75,23.5,22.69,23.5,268800.0,9.1578276867145,537600.0
3279,1996-03-25,23.5,23.62,23.38,23.5,85100.0,9.1578276867145,170200.0
3280,1996-03-26,23.25,23.62,23.25,23.25,58200.0,9.0604039879196,116400.0
3281,1996-03-27,23.5,23.5,23.25,23.38,79100.0,9.111064311293,158200.0
3282,1996-03-28,23.25,23.38,22.5,23.12,58500.0,9.009743664546301,117000.0
3283,1996-03-29,23.25,23.38,22.38,22.38,65000.0,8.7213695161136,130000.0
3284,1996-04-01,22.38,23.0,22.38,22.75,138000.0,8.86555659033,276000.0
3285,1996-04-02,22.62,22.62,22.12,22.25,83500.0,8.670709192740299,167000.0
3286,1996-04-03,22.38,22.75,22.25,22.5,210000.0,8.7681328915351,420000.0
3287,1996-04-04,22.5,22.5,22.38,22.5,63700.0,8.7681328915351,127400.0
3288,1996-04-08,22.0,22.0,21.38,21.5,140400.0,8.378438096355799,280800.0
3289,1996-04-09,21.62,21.62,21.0,21.0,157900.0,8.1835906987661,315800.0
3290,1996-04-10,21.0,21.0,20.25,20.5,390000.0,7.9887433011765,780000.0
3291,1996-04-11,20.5,21.38,20.12,21.25,273300.0,8.281014397561,546600.0
3292,1996-04-12,21.25,21.38,21.0,21.12,80000.0,8.2303540741876,160000.0
3293,1996-04-15,21.12,21.5,20.88,21.5,171600.0,8.378438096355799,343200.0
3294,1996-04-16,21.5,22.25,21.38,22.12,86700.0,8.620048869367,173400.0
3295,1996-04-17,21.62,22.12,21.62,22.12,230900.0,8.6473275050295,461800.0
3296,1996-04-18,22.0,22.12,21.88,21.88,194700.0,8.553504783456,389400.0
3297,1996-04-19,21.88,22.0,21.75,21.88,65000.0,8.553504783456,130000.0
3298,1996-04-22,21.88,22.12,21.88,22.0,74500.0,8.6004161442428,149000.0
3299,1996-04-23,21.88,22.25,21.75,22.12,83400.0,8.6473275050295,166800.0
3300,1996-04-24,22.25,22.62,22.12,22.62,131600.0,8.8427915083078,263200.0
3301,1996-04-25,22.5,23.5,22.5,23.5,121600.0,9.1868081540775,243200.0
3302,1996-04-26,23.25,23.25,22.25,22.25,106400.0,8.6981481458819,212800.0
3303,1996-04-29,22.12,22.38,22.12,22.25,187200.0,8.6981481458819,374400.0
3304,1996-04-30,22.12,22.12,21.88,22.0,131500.0,8.6004161442428,263000.0
3305,1996-05-01,22.0,22.12,21.38,21.38,101800.0,8.358040780177701,203600.0
3306,1996-05-02,21.38,21.75,21.25,21.5,81100.0,8.4049521409645,162200.0
3307,1996-05-03,21.75,21.75,20.75,20.75,51300.0,8.1117561360472,102600.0
3308,1996-05-06,20.62,21.0,20.62,20.75,200100.0,8.1117561360472,400200.0
3309,1996-05-07,20.75,21.75,20.75,21.62,57100.0,8.4518635017513,114200.0
3310,1996-05-08,21.5,21.88,21.5,21.88,106400.0,8.553504783456,212800.0
3311,1996-05-09,21.62,21.88,21.38,21.5,125000.0,8.4049521409645,250000.0
3312,1996-05-10,21.5,21.88,21.38,21.75,56500.0,8.5026841426036,113000.0
3313,1996-05-13,21.62,22.0,21.62,22.0,43000.0,8.6004161442428,86000.0
3314,1996-05-14,22.0,22.0,21.88,21.88,102200.0,8.553504783456,204400.0
3315,1996-05-15,22.0,22.0,21.12,21.62,96900.0,8.4518635017513,193800.0
3316,1996-05-16,22.0,22.25,21.88,22.0,195100.0,8.6004161442428,390200.0
3317,1996-05-17,22.0,22.0,21.5,21.62,95100.0,8.4518635017513,190200.0
3318,1996-05-20,21.5,21.75,21.38,21.75,25500.0,8.5026841426036,51000.0
3319,1996-05-21,21.62,22.0,21.62,22.0,130100.0,8.6004161442428,260200.0
3320,1996-05-22,22.0,22.25,21.88,21.88,438800.0,8.553504783456,877600.0
3321,1996-05-23,22.0,22.12,21.88,21.88,688100.0,8.553504783456,1376200.0
3322,1996-05-24,22.0,22.0,21.75,21.75,220700.0,8.5026841426036,441400.0
3323,1996-05-28,21.88,22.0,21.38,21.5,168100.0,8.4049521409645,336200.0
3324,1996-05-29,21.5,21.62,21.0,21.12,501800.0,8.2563994984731,1003600.0
3325,1996-05-30,21.0,21.5,20.5,21.38,105500.0,8.358040780177701,211000.0
3326,1996-05-31,21.5,21.75,21.38,21.75,94300.0,8.5026841426036,188600.0
3327,1996-06-03,21.5,21.88,21.5,21.88,213400.0,8.553504783456,426800.0
3328,1996-06-04,22.0,22.0,21.88,22.0,226600.0,8.6004161442428,453200.0
3329,1996-06-05,21.88,22.0,21.88,21.88,277100.0,8.553504783456,554200.0
3330,1996-06-06,22.0,22.0,21.38,21.38,60400.0,8.358040780177701,120800.0
3331,1996-06-07,21.0,21.5,20.75,20.88,113800.0,8.162576776899499,227600.0
3332,1996-06-10,20.88,21.25,20.88,21.25,81100.0,8.3072201393254,162200.0
3333,1996-06-11,21.25,21.38,20.88,20.88,49700.0,8.162576776899499,99400.0
3334,1996-06-12,20.88,21.12,20.88,21.0,65000.0,8.2094881376863,130000.0
3335,1996-06-13,20.88,21.0,20.5,20.5,27000.0,8.014024134408,54000.0
3336,1996-06-14,20.75,20.75,20.38,20.62,231000.0,8.0609354951948,462000.0
3337,1996-06-17,20.5,20.5,19.88,20.12,227800.0,7.8654714919165984,455600.0
3338,1996-06-18,20.12,20.25,19.88,20.25,129200.0,7.9162921327689,258400.0
3339,1996-06-19,20.12,20.5,20.12,20.25,323800.0,7.9162921327689,647600.0
3340,1996-06-20,20.5,20.88,20.25,20.75,82600.0,8.1117561360472,165200.0
3341,1996-06-21,20.75,20.88,20.25,20.25,133500.0,7.9162921327689,267000.0
3342,1996-06-24,20.38,20.5,20.12,20.38,194900.0,7.9671127736212,389800.0
3343,1996-06-25,20.5,20.75,20.38,20.75,37700.0,8.1117561360472,75400.0
3344,1996-06-26,20.75,20.81,20.12,20.12,187600.0,7.8654714919165984,375200.0
3345,1996-06-27,20.25,21.12,20.25,21.0,67500.0,8.2094881376863,135000.0
3346,1996-06-28,21.12,21.38,20.88,21.38,198100.0,8.358040780177701,396200.0
3347,1996-07-01,21.25,21.38,20.38,20.38,118000.0,7.9671127736212,236000.0
3348,1996-07-02,20.75,21.0,20.62,20.88,157700.0,8.162576776899499,315400.0
3349,1996-07-03,20.88,21.0,20.75,21.0,82800.0,8.2094881376863,165600.0
3350,1996-07-05,20.88,20.88,20.75,20.88,29900.0,8.162576776899499,59800.0
3351,1996-07-08,20.75,20.88,20.62,20.75,21800.0,8.1117561360472,43600.0
3352,1996-07-09,20.75,20.88,20.38,20.5,194900.0,8.014024134408,389800.0
3353,1996-07-10,20.62,20.62,20.25,20.25,82800.0,7.9162921327689,165600.0
3354,1996-07-11,20.5,20.5,20.0,20.0,152200.0,7.8185601311298,304400.0
3355,1996-07-12,20.0,20.25,19.88,20.25,54000.0,7.9162921327689,108000.0
3356,1996-07-15,20.12,20.12,19.38,19.5,80300.0,7.6230961278515,160600.0
3357,1996-07-16,19.12,19.38,18.25,19.0,183800.0,7.4276321245733,367600.0
3358,1996-07-17,19.0,20.0,18.88,19.88,125900.0,7.799013730802,251800.0
3359,1996-07-18,19.88,20.12,19.88,20.0,79100.0,7.8460902724366,158200.0
3360,1996-07-19,20.0,20.12,19.25,19.38,109100.0,7.602861473990999,218200.0
3361,1996-07-22,19.0,19.12,18.5,19.0,82100.0,7.4537857588147,164200.0
3362,1996-07-23,19.0,19.38,17.5,17.75,183400.0,6.9634051167875,366800.0
3363,1996-07-24,17.12,18.12,17.12,17.5,165100.0,6.865328988382,330200.0
3364,1996-07-25,17.88,18.25,17.62,17.62,129400.0,6.9124055300166,258800.0
3365,1996-07-26,17.62,18.12,17.62,17.75,228800.0,6.9634051167875,457600.0
3366,1996-07-29,18.0,18.12,17.75,17.75,207100.0,6.9634051167875,414200.0
3367,1996-07-30,17.88,18.0,17.75,17.88,131000.0,7.0144047035583,262000.0
3368,1996-07-31,17.62,18.12,17.62,18.0,31700.0,7.061481245192901,63400.0
3369,1996-08-01,18.38,18.88,18.25,18.62,180900.0,7.3047100436385,361800.0
3370,1996-08-02,18.75,19.0,18.62,19.0,208300.0,7.4537857588147,416600.0
3371,1996-08-05,19.25,19.25,19.0,19.25,99500.0,7.5518618872202,199000.0
3372,1996-08-06,19.12,19.25,19.0,19.12,94100.0,7.5008623004494,188200.0
3373,1996-08-07,19.38,19.75,19.12,19.62,108500.0,7.6970145572602995,217000.0
3374,1996-08-08,19.5,19.88,19.5,19.88,103300.0,7.799013730802,206600.0
3375,1996-08-09,20.0,20.12,19.88,19.88,175700.0,7.799013730802,351400.0
3376,1996-08-12,19.75,20.0,19.75,19.75,52700.0,7.7480141440310994,105400.0
3377,1996-08-13,20.0,20.0,19.0,19.0,113200.0,7.4537857588147,226400.0
3378,1996-08-14,19.25,19.5,19.25,19.25,112900.0,7.5518618872202,225800.0
3379,1996-08-15,19.5,19.62,19.38,19.62,65100.0,7.6970145572602995,130200.0
3380,1996-08-16,19.88,19.88,19.5,19.62,56400.0,7.6970145572602995,112800.0
3381,1996-08-19,19.75,19.75,19.5,19.62,40500.0,7.6970145572602995,81000.0
3382,1996-08-20,19.5,19.62,19.38,19.38,123000.0,7.602861473990999,246000.0
3383,1996-08-21,19.38,19.5,19.25,19.38,75500.0,7.602861473990999,151000.0
3384,1996-08-22,19.25,19.88,19.25,19.75,17500.0,7.7480141440310994,35000.0
3385,1996-08-23,19.62,19.75,18.88,19.12,103500.0,7.5008623004494,207000.0
3386,1996-08-26,19.0,19.12,18.88,19.12,43000.0,7.5008623004494,86000.0
3387,1996-08-27,19.12,19.12,18.75,18.88,82600.0,7.4067092171801,165200.0
3388,1996-08-28,19.12,19.38,19.12,19.25,66500.0,7.5518618872202,133000.0
3389,1996-08-29,19.12,19.38,19.0,19.0,91300.0,7.4537857588147,182600.0
3390,1996-08-30,18.88,18.88,18.75,18.75,56900.0,7.3557096304093,113800.0
3391,1996-09-03,18.75,19.0,18.62,18.88,101500.0,7.4067092171801,203000.0
3392,1996-09-04,19.12,19.75,19.12,19.38,115500.0,7.602861473990999,231000.0
3393,1996-09-05,19.12,19.62,19.12,19.38,111500.0,7.602861473990999,223000.0
3394,1996-09-06,19.5,19.5,19.38,19.5,39400.0,7.6499380156256995,78800.0
3395,1996-09-09,19.62,19.75,19.5,19.62,62600.0,7.6970145572602995,125200.0
3396,1996-09-10,19.88,19.88,19.5,19.5,21600.0,7.6499380156256995,43200.0
3397,1996-09-11,19.25,19.75,19.25,19.75,39900.0,7.7480141440310994,79800.0
3398,1996-09-12,19.75,19.75,19.62,19.62,31000.0,7.6970145572602995,62000.0
3399,1996-09-13,19.75,19.75,19.5,19.62,67700.0,7.6970145572602995,135400.0
3400,1996-09-16,19.75,20.25,19.75,19.88,188000.0,7.799013730802,376000.0
3401,1996-09-17,20.0,20.38,19.88,20.25,84200.0,7.944166400842,168400.0
3402,1996-09-18,20.25,20.38,20.12,20.38,64500.0,7.995165987612902,129000.0
3403,1996-09-19,20.25,20.5,20.25,20.5,59800.0,8.042242529247499,119600.0
3404,1996-09-20,20.62,20.62,20.38,20.5,193900.0,8.042242529247499,387800.0
3405,1996-09-23,20.62,20.88,20.5,20.75,45600.0,8.140318657653001,91200.0
3406,1996-09-24,20.62,21.0,20.62,20.75,58800.0,8.140318657653001,117600.0
3407,1996-09-25,20.88,21.0,20.5,20.5,170600.0,8.042242529247499,341200.0
3408,1996-09-26,17.0,17.38,16.88,17.12,948800.0,6.7162532732057,1897600.0
3409,1996-09-27,17.25,17.88,17.25,17.88,426100.0,7.0144047035583,852200.0
3410,1996-09-30,17.88,18.0,17.88,17.88,138500.0,7.0144047035583,277000.0
3411,1996-10-01,17.88,18.0,17.75,17.75,234800.0,6.9634051167875,469600.0
3412,1996-10-02,17.75,17.75,17.25,17.5,176200.0,6.865328988382,352400.0
3413,1996-10-03,17.62,17.62,17.5,17.62,57300.0,6.9124055300166,114600.0
3414,1996-10-04,17.5,17.5,17.38,17.5,99800.0,6.865328988382,199600.0
3415,1996-10-07,17.5,17.62,17.38,17.38,86300.0,6.818252446747402,172600.0
3416,1996-10-08,17.25,17.38,17.12,17.25,174300.0,6.7672528599765,348600.0
3417,1996-10-09,17.38,17.38,16.5,16.5,211300.0,6.4730244747602,422600.0
3418,1996-10-10,16.5,16.88,16.25,16.88,144000.0,6.6221001899365,288000.0
3419,1996-10-11,16.88,17.62,16.88,17.62,262600.0,6.9124055300166,525200.0
3420,1996-10-14,17.75,17.88,17.62,17.88,232800.0,7.0144047035583,465600.0
3421,1996-10-15,17.88,17.88,17.5,17.75,192800.0,6.9634051167875,385600.0
3422,1996-10-16,17.62,17.75,17.5,17.62,100400.0,6.9398668459702,200800.0
3423,1996-10-17,17.62,17.62,17.25,17.38,111900.0,6.8453397152645,223800.0
3424,1996-10-18,17.38,17.62,17.38,17.5,174200.0,6.8926032806173,348400.0
3425,1996-10-21,17.5,17.88,17.25,17.25,172000.0,6.794137519465702,344000.0
3426,1996-10-22,17.38,17.62,17.12,17.5,130700.0,6.8926032806173,261400.0
3427,1996-10-23,17.25,17.38,17.0,17.25,89800.0,6.794137519465702,179600.0
3428,1996-10-24,17.38,17.62,17.25,17.5,163700.0,6.8926032806173,327400.0
3429,1996-10-25,17.25,17.75,17.25,17.5,163400.0,6.8926032806173,326800.0
3430,1996-10-28,17.5,17.75,17.5,17.62,157500.0,6.9398668459702,315000.0
3431,1996-10-29,17.62,17.62,17.25,17.38,484900.0,6.8453397152645,969800.0
3432,1996-10-30,17.38,17.62,17.38,17.5,155900.0,6.8926032806173,311800.0
3433,1996-10-31,17.5,17.88,17.38,17.62,348100.0,6.9398668459702,696200.0
3434,1996-11-01,17.75,17.88,17.62,17.88,238200.0,7.042271237567902,476400.0
3435,1996-11-04,17.75,18.12,17.75,18.12,357500.0,7.1367983682735,715000.0
3436,1996-11-05,18.12,18.25,18.0,18.12,286600.0,7.1367983682735,573200.0
3437,1996-11-06,18.0,18.25,17.88,18.25,166300.0,7.1880005640724,332600.0
3438,1996-11-07,18.25,18.38,18.12,18.38,65200.0,7.239202759871299,130400.0
3439,1996-11-08,18.12,18.38,18.0,18.12,65200.0,7.1367983682735,130400.0
3440,1996-11-11,18.0,18.38,18.0,18.25,23900.0,7.1880005640724,47800.0
3441,1996-11-12,18.25,18.38,18.12,18.38,45300.0,7.239202759871299,90600.0
3442,1996-11-13,18.38,18.38,18.12,18.12,199300.0,7.1367983682735,398600.0
3443,1996-11-14,18.12,18.25,18.12,18.25,332900.0,7.1880005640724,665800.0
3444,1996-11-15,18.38,18.38,18.12,18.25,52500.0,7.1880005640724,105000.0
3445,1996-11-18,18.38,18.5,18.25,18.25,228600.0,7.1880005640724,457200.0
3446,1996-11-19,18.38,18.38,18.25,18.25,56000.0,7.1880005640724,112000.0
3447,1996-11-20,18.38,18.62,18.25,18.25,159500.0,7.1880005640724,319000.0
3448,1996-11-21,18.25,18.75,18.25,18.75,70400.0,7.3849320863757,140800.0
3449,1996-11-22,18.5,19.12,18.5,19.0,71800.0,7.4833978475274,143600.0
3450,1996-11-25,18.88,18.88,18.75,18.88,136700.0,7.436134282174599,273400.0
3451,1996-11-26,18.88,18.88,18.38,18.5,130500.0,7.286466325224099,261000.0
3452,1996-11-27,18.5,18.5,18.12,18.38,86400.0,7.239202759871299,172800.0
3453,1996-11-29,18.25,18.38,18.12,18.25,53500.0,7.1880005640724,107000.0
3454,1996-12-02,18.25,18.25,18.12,18.12,110900.0,7.1367983682735,221800.0
3455,1996-12-03,18.25,18.38,18.12,18.38,91100.0,7.239202759871299,182200.0
3456,1996-12-04,18.25,18.38,18.25,18.25,43800.0,7.1880005640724,87600.0
3457,1996-12-05,18.25,18.62,18.25,18.62,97500.0,7.3337298905769,195000.0
3458,1996-12-06,18.38,19.38,18.38,19.38,183000.0,7.633065804478,366000.0
3459,1996-12-09,19.38,20.0,19.25,19.88,273100.0,7.8299973267813,546200.0
3460,1996-12-10,19.88,20.0,19.5,19.62,171100.0,7.7275929351836,342200.0
3461,1996-12-11,19.38,19.5,19.25,19.5,103100.0,7.6803293698308,206200.0
3462,1996-12-12,19.5,19.5,19.12,19.25,61700.0,7.581863608679099,123400.0
3463,1996-12-13,19.5,20.12,19.38,20.0,174500.0,7.8772608921341,349000.0
3464,1996-12-16,20.12,20.5,20.0,20.12,144000.0,7.9245244574869,288000.0
3465,1996-12-17,19.88,20.12,19.62,19.88,148100.0,7.8299973267813,296200.0
3466,1996-12-18,19.75,19.88,19.5,19.75,78600.0,7.7787951309824015,157200.0
3467,1996-12-19,20.0,20.12,19.5,19.75,132100.0,7.7787951309824015,264200.0
3468,1996-12-20,20.75,20.75,19.75,20.0,260700.0,7.8772608921341,521400.0
3469,1996-12-23,20.0,20.0,19.5,19.5,124600.0,7.6803293698308,249200.0
3470,1996-12-24,19.62,19.88,19.5,19.88,112300.0,7.8299973267813,224600.0
3471,1996-12-26,19.88,20.0,19.75,20.0,110200.0,7.8772608921341,220400.0
3472,1996-12-27,20.0,21.12,20.0,20.88,133400.0,8.223860371388,266800.0
3473,1996-12-30,20.88,20.88,20.38,20.62,91600.0,8.1214559797903,183200.0
3474,1996-12-31,20.5,20.62,20.12,20.12,78500.0,7.9245244574869,157000.0
3475,1997-01-02,20.25,20.25,19.62,19.88,198600.0,7.8299973267813,397200.0
3476,1997-01-03,20.0,20.25,20.0,20.25,121300.0,7.9757266532858,242600.0
3477,1997-01-06,20.5,20.75,20.38,20.5,273900.0,8.0741924144375,547800.0
3478,1997-01-07,20.5,20.75,20.25,20.62,117300.0,8.1214559797903,234600.0
3479,1997-01-08,20.75,20.75,20.38,20.5,75100.0,8.0741924144375,150200.0
3480,1997-01-09,20.38,21.0,20.38,21.0,93800.0,8.2711239367408,187600.0
3481,1997-01-10,20.75,20.88,20.62,20.88,134600.0,8.223860371388,269200.0
3482,1997-01-13,20.75,21.0,20.5,20.62,40300.0,8.1214559797903,80600.0
3483,1997-01-14,20.62,20.88,20.5,20.75,104700.0,8.1726581755891,209400.0
3484,1997-01-15,20.5,20.5,20.12,20.12,98400.0,7.9520948706094,196800.0
3485,1997-01-16,20.25,20.25,20.0,20.0,103100.0,7.904666869392999,206200.0
3486,1997-01-17,20.12,20.25,20.0,20.25,96300.0,8.0034752052604,192600.0
3487,1997-01-20,20.25,20.25,20.0,20.12,28000.0,7.9520948706094,56000.0
3488,1997-01-21,20.0,20.25,20.0,20.0,85400.0,7.904666869392999,170800.0
3489,1997-01-22,19.88,20.25,19.88,20.25,75600.0,8.0034752052604,151200.0
3490,1997-01-23,20.12,22.38,20.12,21.0,411100.0,8.2999002128627,822200.0
3491,1997-01-24,21.0,21.5,20.62,21.38,175200.0,8.450088883381099,350400.0
3492,1997-01-27,21.25,21.25,20.5,20.62,238900.0,8.149711542344201,477800.0
3493,1997-01-28,20.62,21.0,20.62,20.88,197400.0,8.2524722116463,394800.0
3494,1997-01-29,20.88,20.88,20.75,20.75,140600.0,8.2010918769953,281200.0
3495,1997-01-30,20.88,21.25,20.88,21.12,140700.0,8.347328214078999,281400.0
3496,1997-01-31,21.38,21.5,21.0,21.25,78200.0,8.398708548730099,156400.0
3497,1997-02-03,21.25,21.5,21.12,21.38,105000.0,8.450088883381099,210000.0
3498,1997-02-04,21.25,21.5,21.12,21.5,52600.0,8.4975168845975,105200.0
3499,1997-02-05,21.62,22.38,21.5,21.75,193800.0,8.5963252204649,387600.0
3500,1997-02-06,21.75,22.0,21.38,21.5,255700.0,8.4975168845975,511400.0
3501,1997-02-07,21.62,22.0,21.12,21.62,98100.0,8.5449448858139,196200.0
3502,1997-02-10,21.62,22.75,21.62,22.25,124700.0,8.7939418921997,249400.0
3503,1997-02-11,22.38,23.62,22.38,23.25,289300.0,9.189175235669401,578600.0
3504,1997-02-12,23.25,24.25,23.12,24.12,415800.0,9.533028244488,831600.0
3505,1997-02-13,24.12,24.62,23.62,23.62,306700.0,9.3354115727532,613400.0
3506,1997-02-14,23.62,23.62,23.0,23.12,232400.0,9.137794901018301,464800.0
3507,1997-02-18,23.38,23.38,22.98,23.12,256100.0,9.137794901018301,512200.0
3508,1997-02-19,23.0,23.12,22.62,22.62,115000.0,8.9401782292835,230000.0
3509,1997-02-20,22.75,22.75,21.88,21.88,135900.0,8.647705555116,271800.0
3510,1997-02-21,22.0,22.25,21.75,22.12,270400.0,8.7425615575487,540800.0
3511,1997-02-24,22.5,22.75,22.25,22.62,49600.0,8.9401782292835,99200.0
3512,1997-02-25,22.5,22.5,22.0,22.12,48800.0,8.7425615575487,97600.0
3513,1997-02-26,22.12,22.12,21.88,22.12,81900.0,8.7425615575487,163800.0
3514,1997-02-27,22.0,22.25,21.38,21.38,149500.0,8.450088883381099,299000.0
3515,1997-02-28,21.38,22.12,21.38,21.75,146900.0,8.5963252204649,293800.0
3516,1997-03-03,21.75,22.38,21.75,22.38,55300.0,8.8453222268508,110600.0
3517,1997-03-04,22.62,22.62,21.38,21.38,146300.0,8.450088883381099,292600.0
3518,1997-03-05,21.38,22.12,21.38,22.12,119500.0,8.7425615575487,239000.0
3519,1997-03-06,22.12,22.12,21.75,21.88,45800.0,8.647705555116,91600.0
3520,1997-03-07,21.88,22.0,21.75,21.75,58600.0,8.5963252204649,117200.0
3521,1997-03-10,21.62,22.25,21.62,22.25,102600.0,8.7939418921997,205200.0
3522,1997-03-11,22.25,22.38,22.0,22.12,31200.0,8.7425615575487,62400.0
3523,1997-03-12,22.12,22.38,22.0,22.12,40600.0,8.7425615575487,81200.0
3524,1997-03-13,22.0,22.12,21.5,21.5,19400.0,8.4975168845975,38800.0
3525,1997-03-14,21.62,21.75,21.5,21.5,39900.0,8.4975168845975,79800.0
3526,1997-03-17,21.62,21.62,21.25,21.5,95100.0,8.4975168845975,190200.0
3527,1997-03-18,21.38,21.62,21.38,21.5,39800.0,8.4975168845975,79600.0
3528,1997-03-19,21.5,21.5,21.12,21.25,41600.0,8.398708548730099,83200.0
3529,1997-03-20,21.38,21.75,21.25,21.75,138000.0,8.5963252204649,276000.0
3530,1997-03-21,21.88,21.88,21.12,21.12,107100.0,8.347328214078999,214200.0
3531,1997-03-24,21.25,21.25,21.0,21.12,48000.0,8.347328214078999,96000.0
3532,1997-03-25,21.12,22.0,21.12,21.62,96300.0,8.5449448858139,192600.0
3533,1997-03-26,21.12,21.75,21.12,21.62,72600.0,8.5449448858139,145200.0
3534,1997-03-27,21.5,21.88,21.38,21.38,124000.0,8.450088883381099,248000.0
3535,1997-03-31,21.12,21.12,20.62,20.88,92400.0,8.2524722116463,184800.0
3536,1997-04-01,20.62,20.75,20.38,20.62,101800.0,8.149711542344201,203600.0
3537,1997-04-02,20.38,20.5,19.75,19.88,93100.0,7.8572388681767,186200.0
3538,1997-04-03,19.88,20.0,19.75,20.0,45400.0,7.904666869392999,90800.0
3539,1997-04-04,19.88,20.12,19.75,20.12,98700.0,7.9520948706094,197400.0
3540,1997-04-07,20.0,20.12,19.62,19.62,118800.0,7.7544781988746,237600.0
3541,1997-04-08,19.88,19.88,18.75,19.0,155400.0,7.509433525923399,310800.0
3542,1997-04-09,19.0,19.0,18.75,19.0,139500.0,7.509433525923399,279000.0
3543,1997-04-10,18.75,19.62,18.75,19.5,166300.0,7.7070501976582015,332600.0
3544,1997-04-11,19.25,19.25,18.62,18.75,47500.0,7.410625190056,95000.0
3545,1997-04-14,18.62,18.62,18.12,18.25,99100.0,7.213008518321098,198200.0
3546,1997-04-15,18.5,18.75,18.38,18.75,218600.0,7.410625190056,437200.0
3547,1997-04-16,18.38,18.88,18.12,18.88,130600.0,7.4896718587499,261200.0
3548,1997-04-17,19.0,19.12,18.88,19.12,53700.0,7.5848795518696,107400.0
3549,1997-04-18,19.25,19.38,18.75,19.0,42700.0,7.5372757053097,85400.0
3550,1997-04-21,19.0,19.12,18.75,19.0,271200.0,7.5372757053097,542400.0
3551,1997-04-22,18.62,18.75,18.38,18.38,205400.0,7.2913224980838,410800.0
3552,1997-04-23,18.25,18.75,18.25,18.5,142300.0,7.3389263446437,284600.0
3553,1997-04-24,18.75,18.75,18.38,18.5,87700.0,7.3389263446437,175400.0
3554,1997-04-25,18.5,18.5,18.38,18.38,67500.0,7.2913224980838,135000.0
3555,1997-04-28,18.25,18.5,18.12,18.25,108600.0,7.2397516643107,217200.0
3556,1997-04-29,18.62,19.0,18.5,18.62,72700.0,7.3865301912036,145400.0
3557,1997-04-30,18.38,19.12,18.38,18.75,120400.0,7.4381010249767,240800.0
3558,1997-05-01,18.88,18.88,18.62,18.62,40400.0,7.3865301912036,80800.0
3559,1997-05-02,18.88,19.12,18.62,19.0,167800.0,7.5372757053097,335600.0
3560,1997-05-05,19.25,19.88,19.12,19.62,188300.0,7.7832289125355985,376600.0
3561,1997-05-06,19.62,20.38,19.62,19.75,240000.0,7.8347997463088,480000.0
3562,1997-05-07,19.88,19.88,19.25,19.25,176400.0,7.6364503856428,352800.0
3563,1997-05-08,19.12,19.75,19.12,19.38,151100.0,7.6880212194159006,302200.0
3564,1997-05-09,19.5,20.0,19.38,19.75,198900.0,7.8347997463088,397800.0
3565,1997-05-12,19.62,20.12,19.5,20.12,113000.0,7.9815782732017,226000.0
3566,1997-05-13,20.12,20.25,19.88,20.0,141500.0,7.933974426641799,283000.0
3567,1997-05-14,19.75,20.0,19.75,19.75,187400.0,7.8347997463088,374800.0
3568,1997-05-15,19.75,19.88,19.62,19.62,55700.0,7.7832289125355985,111400.0
3569,1997-05-16,19.62,19.88,19.25,19.5,139400.0,7.7356250659758,278800.0
3570,1997-05-19,19.25,19.38,19.25,19.38,54100.0,7.6880212194159006,108200.0
3571,1997-05-20,19.75,19.75,19.25,19.38,68000.0,7.6880212194159006,136000.0
3572,1997-05-21,19.5,19.62,19.25,19.38,164100.0,7.6880212194159006,328200.0
3573,1997-05-22,19.62,19.62,19.12,19.12,112000.0,7.5848795518696,224000.0
3574,1997-05-23,19.0,20.0,19.0,19.75,110600.0,7.8347997463088,221200.0
3575,1997-05-27,19.62,20.25,19.25,19.88,133800.0,7.886370580082,267600.0
3576,1997-05-28,19.75,19.88,19.75,19.75,44100.0,7.8347997463088,88200.0
3577,1997-05-29,19.62,19.88,19.25,19.5,153200.0,7.7356250659758,306400.0
3578,1997-05-30,19.12,19.62,19.12,19.5,175900.0,7.7356250659758,351800.0
3579,1997-06-02,19.38,19.75,19.38,19.62,84800.0,7.7832289125355985,169600.0
3580,1997-06-03,19.5,19.88,19.38,19.75,246600.0,7.8347997463088,493200.0
3581,1997-06-04,19.62,19.88,19.25,19.75,232100.0,7.8347997463088,464200.0
3582,1997-06-05,19.88,20.12,19.75,19.75,44200.0,7.8347997463088,88400.0
3583,1997-06-06,19.75,19.88,19.62,19.88,60100.0,7.886370580082,120200.0
3584,1997-06-09,20.0,20.5,19.88,20.25,115200.0,8.033149106974902,230400.0
3585,1997-06-10,20.5,20.5,20.0,20.12,31700.0,7.9815782732017,63400.0
3586,1997-06-11,20.12,20.12,19.62,20.0,131600.0,7.933974426641799,263200.0
3587,1997-06-12,20.0,20.12,19.88,19.88,149800.0,7.886370580082,299600.0
3588,1997-06-13,19.88,20.0,19.62,19.88,63600.0,7.886370580082,127200.0
3589,1997-06-16,19.88,20.0,19.75,19.75,23600.0,7.8347997463088,47200.0
3590,1997-06-17,19.75,20.38,19.75,20.25,65000.0,8.033149106974902,130000.0
3591,1997-06-18,20.25,20.38,20.12,20.38,46600.0,8.084719940748,93200.0
3592,1997-06-19,20.5,20.5,20.25,20.25,70300.0,8.033149106974902,140600.0
3593,1997-06-20,20.12,20.38,19.88,20.0,224500.0,7.933974426641799,449000.0
3594,1997-06-23,19.88,20.25,19.88,20.0,61300.0,7.933974426641799,122600.0
3595,1997-06-24,20.0,20.56,20.0,20.5,105300.0,8.1323237873079,210600.0
3596,1997-06-25,20.5,20.94,20.0,20.12,124000.0,7.9815782732017,248000.0
3597,1997-06-26,20.06,20.31,19.75,19.88,150800.0,7.886370580082,301600.0
3598,1997-06-27,20.25,20.81,20.12,20.81,122500.0,8.2553003909208,245000.0
3599,1997-06-30,20.81,22.62,20.62,22.5,503100.0,8.9257212299721,1006200.0
3600,1997-07-01,22.44,22.44,21.56,21.88,186000.0,8.6797680227462,372000.0
3601,1997-07-02,21.88,22.12,21.62,22.12,196900.0,8.774975715865901,393800.0
3602,1997-07-03,22.25,22.38,21.88,22.0,97600.0,8.727371869306001,195200.0
3603,1997-07-07,22.12,22.12,21.12,21.56,153700.0,8.5528244319199,307400.0
3604,1997-07-08,21.62,21.62,21.5,21.5,109400.0,8.529022508639999,218800.0
3605,1997-07-09,21.56,21.56,21.25,21.38,101900.0,8.481418662080099,203800.0
3606,1997-07-10,21.38,21.5,21.19,21.19,124200.0,8.406045905027,248400.0
3607,1997-07-11,20.94,21.38,20.94,21.38,116500.0,8.481418662080099,233000.0
3608,1997-07-14,21.44,21.81,21.38,21.44,182100.0,8.5052205853601,364200.0
3609,1997-07-15,21.44,21.5,21.19,21.44,106700.0,8.5052205853601,213400.0
3610,1997-07-16,21.25,21.81,21.25,21.56,79700.0,8.5805933424131,159400.0
3611,1997-07-17,21.5,21.56,20.81,21.0,231200.0,8.3577207880648,462400.0
3612,1997-07-18,21.0,21.0,20.38,20.94,140000.0,8.333841585813099,280000.0
3613,1997-07-21,20.94,20.94,20.62,20.75,57200.0,8.2582241120164,114400.0
3614,1997-07-22,20.88,20.94,20.44,20.81,59500.0,8.282103314268,119000.0
3615,1997-07-23,20.56,21.25,19.5,21.06,212900.0,8.381599990316401,425800.0
3616,1997-07-24,20.94,21.0,20.44,20.75,120100.0,8.2582241120164,240200.0
3617,1997-07-25,20.62,20.75,20.31,20.62,135900.0,8.206485840471199,271800.0
3618,1997-07-28,20.75,20.81,20.56,20.62,70400.0,8.206485840471199,140800.0
3619,1997-07-29,20.44,20.69,20.38,20.5,161600.0,8.158727435968,323200.0
3620,1997-07-30,20.56,20.56,20.0,20.44,107700.0,8.1348482337164,215400.0
3621,1997-07-31,20.44,20.56,20.0,20.5,85100.0,8.158727435968,170200.0
3622,1997-08-01,20.38,20.56,20.31,20.56,94200.0,8.1826066382196,188400.0
3623,1997-08-04,20.62,20.62,20.38,20.44,105000.0,8.1348482337164,210000.0
3624,1997-08-05,20.31,20.62,20.25,20.62,52300.0,8.206485840471199,104600.0
3625,1997-08-06,20.5,21.12,20.25,20.94,197200.0,8.333841585813099,394400.0
3626,1997-08-07,20.94,21.0,20.38,20.38,61400.0,8.1109690314647,122800.0
3627,1997-08-08,20.25,20.38,19.88,20.0,64100.0,7.9597340838712,128200.0
3628,1997-08-11,20.0,21.0,20.0,20.69,122100.0,8.2343449097648,244200.0
3629,1997-08-12,20.56,20.75,20.19,20.31,52000.0,8.0831099621712,104000.0
3630,1997-08-13,20.25,20.56,19.88,20.19,131900.0,8.035351557668001,263800.0
3631,1997-08-14,20.31,20.56,20.12,20.31,63800.0,8.0831099621712,127600.0
3632,1997-08-15,20.0,20.06,18.75,19.12,303600.0,7.6095057841809,607200.0
3633,1997-08-18,19.19,19.81,19.12,19.75,75200.0,7.8602374078228,150400.0
3634,1997-08-19,19.56,21.5,19.56,21.5,285000.0,8.5567141401615,570000.0
3635,1997-08-20,21.12,21.31,21.0,21.31,68600.0,8.481096666364799,137200.0
3636,1997-08-21,21.12,21.19,20.44,20.56,142500.0,8.1826066382196,285000.0
3637,1997-08-22,20.56,21.44,20.56,21.31,215400.0,8.481096666364799,430800.0
3638,1997-08-25,21.94,22.38,21.75,22.0,335400.0,8.7557074922583,670800.0
3639,1997-08-26,22.0,22.12,21.0,21.12,245200.0,8.405479192568,490400.0
3640,1997-08-27,21.12,21.25,21.0,21.06,124000.0,8.381599990316401,248000.0
3641,1997-08-28,21.06,21.94,21.0,21.56,192500.0,8.5805933424131,385000.0
3642,1997-08-29,21.62,21.62,21.19,21.25,202300.0,8.4572174641131,404600.0
3643,1997-09-02,21.19,21.5,21.19,21.44,132500.0,8.5328349379099,265000.0
3644,1997-09-03,21.38,21.69,21.38,21.5,182500.0,8.5567141401615,365000.0
3645,1997-09-04,21.38,21.5,21.31,21.31,161600.0,8.481096666364799,323200.0
3646,1997-09-05,21.44,21.56,21.31,21.38,115000.0,8.5089557356583,230000.0
3647,1997-09-08,21.5,21.69,21.25,21.25,183600.0,8.4572174641131,367200.0
3648,1997-09-09,21.31,21.5,21.19,21.19,93500.0,8.433338261861499,187000.0
3649,1997-09-10,21.19,21.31,20.75,20.75,105300.0,8.2582241120164,210600.0
3650,1997-09-11,21.0,21.06,20.25,20.31,215000.0,8.0831099621712,430000.0
3651,1997-09-12,20.31,20.75,20.31,20.5,47000.0,8.158727435968,94000.0
3652,1997-09-15,20.56,20.81,20.19,20.5,207200.0,8.158727435968,414400.0
3653,1997-09-16,20.69,21.0,20.5,20.5,101700.0,8.158727435968,203400.0
3654,1997-09-17,20.5,21.25,20.5,20.88,505600.0,8.3099623835615,1011200.0
3655,1997-09-18,21.0,21.25,20.75,20.81,121500.0,8.282103314268,243000.0
3656,1997-09-19,21.0,21.0,20.75,20.75,368100.0,8.2582241120164,736200.0
3657,1997-09-22,20.88,21.06,20.25,20.25,91800.0,8.059230759919599,183600.0
3658,1997-09-23,20.25,20.56,20.19,20.5,69700.0,8.158727435968,139400.0
3659,1997-09-24,20.5,21.5,20.5,21.25,263900.0,8.4572174641131,527800.0
3660,1997-09-25,21.06,21.62,21.06,21.31,283400.0,8.481096666364799,566800.0
3661,1997-09-26,21.31,21.44,20.94,20.94,90600.0,8.333841585813099,181200.0
3662,1997-09-29,20.88,21.06,20.62,20.81,76700.0,8.282103314268,153400.0
3663,1997-09-30,20.88,21.19,20.62,20.69,114600.0,8.2343449097648,229200.0
3664,1997-10-01,20.88,21.56,20.88,21.19,72400.0,8.433338261861499,144800.0
3665,1997-10-02,21.06,21.06,20.69,20.75,88600.0,8.2582241120164,177200.0
3666,1997-10-03,21.0,21.06,20.75,20.75,98300.0,8.2582241120164,196600.0
3667,1997-10-06,21.0,22.19,21.0,22.0,229400.0,8.7557074922583,458800.0
3668,1997-10-07,22.12,22.94,22.0,22.94,337000.0,9.1298149942003,674000.0
3669,1997-10-08,22.94,22.94,22.06,22.25,183200.0,8.855204168306699,366400.0
3670,1997-10-09,22.06,22.5,21.75,22.25,90300.0,8.855204168306699,180600.0
3671,1997-10-10,22.0,23.0,21.88,22.94,155900.0,9.1298149942003,311800.0
3672,1997-10-13,22.69,22.75,22.44,22.62,83900.0,9.002459248858301,167800.0
3673,1997-10-14,22.88,22.94,21.94,22.12,101200.0,8.8034658967615,202400.0
3674,1997-10-15,21.88,21.94,20.88,21.94,138000.0,8.7596873593003,276000.0
3675,1997-10-16,22.12,22.38,21.81,22.06,91700.0,8.8075981379291,183400.0
3676,1997-10-17,21.81,22.0,20.75,21.06,115800.0,8.4083416493557,231600.0
3677,1997-10-20,21.31,22.12,21.12,21.94,89400.0,8.7596873593003,178800.0
3678,1997-10-21,21.81,22.56,21.75,22.56,71500.0,9.0072263822158,143000.0
3679,1997-10-22,22.44,22.62,22.19,22.19,69700.0,8.8595014814436,139400.0
3680,1997-10-23,21.5,21.62,20.81,21.25,92000.0,8.4842003821846,184000.0
3681,1997-10-24,21.5,21.5,21.12,21.12,33600.0,8.4322970386701,67200.0
3682,1997-10-27,21.06,21.12,19.12,20.06,77800.0,8.0090851607823,155600.0
3683,1997-10-28,18.88,19.94,18.81,19.88,307700.0,7.9372189928390995,615400.0
3684,1997-10-29,20.06,21.25,20.06,20.88,181900.0,8.3364754814125,363800.0
3685,1997-10-30,20.62,20.62,19.12,19.19,111700.0,7.6617320157234,223400.0
3686,1997-10-31,19.75,20.88,19.69,20.69,61600.0,8.2606167485835,123200.0
3687,1997-11-03,20.75,21.0,19.88,20.12,161200.0,8.0330405500967,322400.0
3688,1997-11-04,20.0,20.56,19.88,20.0,160600.0,7.9851297714679,321200.0
3689,1997-11-05,19.94,20.31,19.88,20.06,193400.0,8.0090851607823,386800.0
3690,1997-11-06,20.0,20.0,19.44,19.88,56400.0,7.9372189928390995,112800.0
3691,1997-11-07,19.62,19.62,18.88,19.38,151900.0,7.7375907485524,303800.0
3692,1997-11-10,19.5,20.06,19.44,19.94,182500.0,7.9611743821535015,365000.0
3693,1997-11-11,19.88,20.12,19.75,19.81,79800.0,7.9092710386389,159600.0
3694,1997-11-12,19.75,19.75,18.81,19.0,130100.0,7.5858732828945,260200.0
3695,1997-11-13,18.94,19.19,18.81,19.12,218800.0,7.633784061523299,437600.0
3696,1997-11-14,19.31,19.31,19.0,19.06,149600.0,7.6098286722089,299200.0
3697,1997-11-17,19.31,20.38,19.19,19.75,86600.0,7.8853156493245,173200.0
3698,1997-11-18,19.75,20.0,19.5,19.69,116900.0,7.861360260010098,233800.0
3699,1997-11-19,19.56,20.12,19.56,19.88,30600.0,7.9372189928390995,61200.0
3700,1997-11-20,19.94,19.94,19.5,19.81,148800.0,7.9092710386389,297600.0
3701,1997-11-21,20.06,20.06,19.62,19.81,47200.0,7.9092710386389,94400.0
3702,1997-11-24,20.0,20.0,19.44,19.56,80800.0,7.8094569164955985,161600.0
3703,1997-11-25,19.69,19.75,19.12,19.19,208500.0,7.6617320157234,417000.0
3704,1997-11-26,19.19,19.5,19.19,19.5,153100.0,7.7855015271812,306200.0
3705,1997-11-28,19.38,19.62,19.31,19.62,37900.0,7.83341230581,75800.0
3706,1997-12-01,19.69,19.88,19.5,19.62,105500.0,7.83341230581,211000.0
3707,1997-12-02,19.62,19.62,19.19,19.5,102900.0,7.7855015271812,205800.0
3708,1997-12-03,19.25,19.62,19.25,19.5,88600.0,7.7855015271812,177200.0
3709,1997-12-04,19.5,19.56,19.25,19.38,87000.0,7.7375907485524,174000.0
3710,1997-12-05,19.31,19.44,19.12,19.38,139000.0,7.7375907485524,278000.0
3711,1997-12-08,19.44,19.69,19.38,19.56,123900.0,7.8094569164955985,247800.0
3712,1997-12-09,19.38,19.88,19.31,19.75,89900.0,7.8853156493245,179800.0
3713,1997-12-10,19.56,19.62,19.25,19.44,101900.0,7.7615461378668,203800.0
3714,1997-12-11,19.25,19.38,18.81,19.0,121300.0,7.5858732828945,242600.0
3715,1997-12-12,19.12,19.19,18.62,18.81,58500.0,7.5100145500655,117000.0
3716,1997-12-15,18.94,19.25,18.81,19.06,192900.0,7.6098286722089,385800.0
3717,1997-12-16,19.31,19.44,19.12,19.38,96000.0,7.7375907485524,192000.0
3718,1997-12-17,19.0,19.31,18.94,19.19,167200.0,7.6617320157234,334400.0
3719,1997-12-18,19.12,19.12,18.75,18.94,111700.0,7.561917893580098,223400.0
3720,1997-12-19,18.5,18.69,18.0,18.69,333200.0,7.462103771436699,666400.0
3721,1997-12-22,18.94,19.75,18.88,19.75,128100.0,7.8853156493245,256200.0
3722,1997-12-23,19.94,20.06,19.56,19.88,162000.0,7.9372189928390995,324000.0
3723,1997-12-24,19.69,19.94,19.69,19.75,53300.0,7.8853156493245,106600.0
3724,1997-12-26,19.88,20.12,19.88,20.06,35000.0,8.0090851607823,70000.0
3725,1997-12-29,20.5,20.56,20.12,20.19,122500.0,8.0609885042968,245000.0
3726,1997-12-30,20.25,20.81,20.25,20.75,68600.0,8.2845721378979,137200.0
3727,1997-12-31,20.69,21.44,20.56,20.81,79000.0,8.3085275272123,158000.0
3728,1998-01-02,20.81,21.06,20.81,20.88,41800.0,8.3364754814125,83600.0
3729,1998-01-05,20.88,22.0,20.88,21.81,150400.0,8.7077840157857,300800.0
3730,1998-01-06,21.69,21.88,21.19,21.25,88600.0,8.4842003821846,177200.0
3731,1998-01-07,21.44,21.62,20.88,20.88,60600.0,8.3364754814125,121200.0
3732,1998-01-08,21.0,21.5,20.94,21.19,61200.0,8.4602449928702,122400.0
3733,1998-01-09,21.19,21.25,19.44,19.69,106500.0,7.861360260010098,213000.0
3734,1998-01-12,19.62,20.62,19.56,20.44,80900.0,8.1608026264402,161800.0
3735,1998-01-13,20.56,20.56,19.94,20.44,200000.0,8.1608026264402,400000.0
3736,1998-01-14,20.38,21.0,20.19,21.0,141000.0,8.412334214241401,282000.0
3737,1998-01-15,20.94,21.0,20.69,20.94,292200.0,8.388298973629299,584400.0
3738,1998-01-16,21.25,21.25,20.94,21.19,101400.0,8.488445809513099,202800.0
3739,1998-01-20,21.19,22.94,21.19,22.44,338700.0,8.9891799889322,677400.0
3740,1998-01-21,22.69,23.44,22.69,22.94,608300.0,9.1894736606999,1216600.0
3741,1998-01-22,22.75,22.75,22.5,22.75,329500.0,9.1133620654282,659000.0
3742,1998-01-23,22.69,23.19,22.56,23.06,252600.0,9.2375441419241,505200.0
3743,1998-01-26,23.0,23.81,23.0,23.62,300400.0,9.4618730543039,600800.0
3744,1998-01-27,23.5,23.88,23.38,23.69,229200.0,9.4899141683514,458400.0
3745,1998-01-28,23.81,24.62,23.81,24.44,292200.0,9.790354676002801,584400.0
3746,1998-01-29,24.56,25.38,24.12,24.31,308600.0,9.7382783213433,617200.0
3747,1998-01-30,24.19,24.44,24.0,24.12,131200.0,9.662166726071499,262400.0
3748,1998-02-02,24.38,24.62,24.25,24.56,273600.0,9.8384251572271,547200.0
3749,1998-02-03,24.56,24.69,24.19,24.56,242700.0,9.8384251572271,485400.0
3750,1998-02-04,24.38,25.19,24.38,24.88,154900.0,9.9666131071584,309800.0
3751,1998-02-05,24.81,26.44,24.81,25.75,737700.0,10.315124096034,1475400.0
3752,1998-02-06,25.75,26.62,25.5,25.69,222200.0,10.291088855422,444400.0
3753,1998-02-09,25.81,26.19,25.38,25.88,150500.0,10.367200450694,301000.0
3754,1998-02-10,26.0,26.44,25.94,26.12,215300.0,10.463341413142,430600.0
3755,1998-02-11,26.12,26.31,25.81,26.0,99700.0,10.415270931918,199400.0
3756,1998-02-12,26.0,26.06,25.75,25.94,99600.0,10.391235691305999,199200.0
3757,1998-02-13,25.69,26.06,25.69,25.94,132400.0,10.391235691305999,264800.0
3758,1998-02-17,25.94,26.12,25.88,26.0,321900.0,10.415270931918,643800.0
3759,1998-02-18,25.88,26.19,25.88,26.0,233700.0,10.415270931918,467400.0
3760,1998-02-19,26.12,26.12,25.62,26.0,109900.0,10.415270931918,219800.0
3761,1998-02-20,25.88,26.5,25.88,26.38,289100.0,10.567494122461,578200.0
3762,1998-02-23,26.31,26.5,26.31,26.44,124900.0,10.591529363073,249800.0
3763,1998-02-24,26.38,26.94,26.31,26.44,454600.0,10.591529363073,909200.0
3764,1998-02-25,26.69,26.94,26.5,26.62,200000.0,10.66363508491,400000.0
3765,1998-02-26,26.62,26.94,26.44,26.94,305200.0,10.791823034841,610400.0
3766,1998-02-27,26.81,27.38,26.69,26.94,295000.0,10.791823034841,590000.0
3767,1998-03-02,27.12,27.5,26.88,27.31,316300.0,10.940040351949,632600.0
3768,1998-03-03,27.06,27.25,27.0,27.12,106000.0,10.863928756677,212000.0
3769,1998-03-04,27.31,27.31,26.94,27.0,267700.0,10.815858275453,535400.0
3770,1998-03-05,26.75,27.12,26.56,26.81,271600.0,10.739746680182,543200.0
3771,1998-03-06,26.75,28.12,26.75,27.44,314800.0,10.992116706609002,629600.0
3772,1998-03-09,27.31,27.56,27.12,27.5,251600.0,11.016151947221001,503200.0
3773,1998-03-10,27.5,27.62,27.31,27.38,242800.0,10.968081465996999,485600.0
3774,1998-03-11,27.12,27.69,27.0,27.62,100800.0,11.064222428445001,201600.0
3775,1998-03-12,27.38,28.25,27.25,27.56,112200.0,11.040187187832998,224400.0
3776,1998-03-13,27.69,27.81,27.5,27.69,49300.0,11.092263542493,98600.0
3777,1998-03-16,27.75,28.5,27.75,28.0,225200.0,11.216445618989,450400.0
3778,1998-03-17,28.12,28.12,27.56,28.0,65100.0,11.216445618989,130200.0
3779,1998-03-18,28.0,28.06,27.75,27.94,142800.0,11.192410378376,285600.0
3780,1998-03-19,27.75,28.25,27.62,28.0,159400.0,11.216445618989,318800.0
3781,1998-03-20,27.62,27.75,26.94,27.5,450900.0,11.016151947221001,901800.0
3782,1998-03-23,27.31,27.5,27.0,27.5,109900.0,11.016151947221001,219800.0
3783,1998-03-24,27.25,27.81,27.25,27.44,244700.0,10.992116706609002,489400.0
3784,1998-03-25,27.44,27.88,27.44,27.69,132500.0,11.092263542493,265000.0
3785,1998-03-26,27.69,27.69,27.44,27.56,79500.0,11.040187187832998,159000.0
3786,1998-03-27,27.56,28.12,27.56,27.75,138500.0,11.116298783104998,277000.0
3787,1998-03-30,28.12,28.44,28.06,28.44,126500.0,11.392704050144,253000.0
3788,1998-03-31,28.44,29.75,28.44,29.06,243100.0,11.641068203136001,486200.0
3789,1998-04-01,29.06,29.38,28.62,29.38,140700.0,11.769256153067,281400.0
3790,1998-04-02,29.38,29.38,28.81,29.19,98700.0,11.693144557796,197400.0
3791,1998-04-03,29.19,29.5,28.94,29.19,140900.0,11.693144557796,281800.0
3792,1998-04-06,29.06,29.44,28.31,28.38,78500.0,11.368668809532002,157000.0
3793,1998-04-07,27.88,28.06,27.62,27.94,90800.0,11.192410378376,181600.0
3794,1998-04-08,27.94,28.0,27.12,27.81,213900.0,11.140334023717001,427800.0
3795,1998-04-09,27.88,29.75,27.88,29.12,157600.0,11.665103443748,315200.0
3796,1998-04-13,29.0,29.0,28.25,28.56,96000.0,11.440774531368001,192000.0
3797,1998-04-14,28.56,29.25,28.56,29.12,127900.0,11.665103443748,255800.0
3798,1998-04-15,29.5,29.94,29.06,29.69,189600.0,11.921479343610999,379200.0
3799,1998-04-16,29.62,29.62,29.25,29.25,112400.0,11.744805348622998,224800.0
3800,1998-04-17,29.25,29.56,29.19,29.44,133900.0,11.821096391912999,267800.0
3801,1998-04-20,29.31,29.69,29.25,29.62,116900.0,11.893372117135,233800.0
3802,1998-04-21,29.75,31.25,29.69,31.0,243200.0,12.447486010506001,486400.0
3803,1998-04-22,31.0,31.25,30.69,31.0,291500.0,12.447486010506001,583000.0
3804,1998-04-23,30.94,31.31,30.31,30.75,645900.0,12.347103058809,1291800.0
3805,1998-04-24,30.75,30.88,30.25,30.38,177800.0,12.198536290296,355600.0
3806,1998-04-27,29.75,30.25,29.56,30.0,161100.0,12.045954203715999,322200.0
3807,1998-04-28,30.0,30.5,30.0,30.25,156800.0,12.146337155413,313600.0
3808,1998-04-29,30.19,30.31,29.81,29.81,281100.0,11.969663160425998,562200.0
3809,1998-04-30,29.88,30.19,29.88,30.12,467700.0,12.094138020531002,935400.0
3810,1998-05-01,30.12,30.38,29.94,30.19,288400.0,12.122245247006,576800.0
3811,1998-05-04,30.25,30.31,29.94,30.06,100000.0,12.070046112123,200000.0
3812,1998-05-05,30.5,30.5,30.0,30.12,94200.0,12.094138020531002,188400.0
3813,1998-05-06,30.25,30.25,29.62,30.12,183600.0,12.094138020531002,367200.0
3814,1998-05-07,29.88,29.88,29.0,29.5,189400.0,11.84518830032,378800.0
3815,1998-05-08,29.25,30.44,29.25,29.94,218300.0,12.021862295308,436600.0
3816,1998-05-11,30.0,30.38,29.81,30.38,125000.0,12.198536290296,250000.0
3817,1998-05-12,30.31,30.94,30.31,30.94,199900.0,12.423394102099,399800.0
3818,1998-05-13,31.0,32.69,31.0,31.75,408600.0,12.748634865599,817200.0
3819,1998-05-14,32.0,32.5,31.31,32.44,410800.0,13.025691812284999,821600.0
3820,1998-05-15,32.19,32.19,31.5,31.75,221500.0,12.748634865599,443000.0
3821,1998-05-18,31.69,32.19,31.62,32.0,136700.0,12.849017817297002,273400.0
3822,1998-05-19,31.81,33.06,31.81,32.88,374200.0,13.202365807272,748400.0
3823,1998-05-20,32.88,33.75,32.38,33.69,238600.0,13.527606570773,477200.0
3824,1998-05-21,33.44,33.44,32.06,32.25,147600.0,12.949400768994,295200.0
3825,1998-05-22,32.25,32.25,31.56,32.0,76200.0,12.849017817297002,152400.0
3826,1998-05-26,32.0,32.0,31.0,31.0,144400.0,12.447486010506001,288800.0
3827,1998-05-27,30.5,30.5,29.12,29.81,226700.0,11.969663160425998,453400.0
3828,1998-05-28,29.94,32.0,29.75,31.06,308100.0,12.471577918914,616200.0
3829,1998-05-29,31.75,31.94,31.38,31.5,327600.0,12.648251913902,655200.0
3830,1998-06-01,32.0,32.69,31.5,31.75,276700.0,12.748634865599,553400.0
3831,1998-06-02,32.0,32.62,31.62,31.69,204100.0,12.724542957191998,408200.0
3832,1998-06-03,31.56,31.88,30.81,31.06,124400.0,12.471577918914,248800.0
3833,1998-06-04,31.06,31.44,30.88,31.44,79300.0,12.624160005494002,158600.0
3834,1998-06-05,31.44,31.44,30.44,30.56,109500.0,12.270812015518,219000.0
3835,1998-06-08,30.5,31.12,30.38,30.38,143200.0,12.198536290296,286400.0
3836,1998-06-09,30.62,30.94,30.5,30.56,189400.0,12.270812015518,378800.0
3837,1998-06-10,30.62,30.75,30.06,30.12,126200.0,12.094138020531002,252400.0
3838,1998-06-11,30.12,30.12,29.0,29.62,192700.0,11.893372117135,385400.0
3839,1998-06-12,29.5,29.62,28.38,28.69,109600.0,11.519947536819998,219200.0
3840,1998-06-15,28.0,28.75,28.0,28.19,187100.0,11.319181633425,374200.0
3841,1998-06-16,28.06,28.88,28.06,28.44,108100.0,11.419564585123,216200.0
3842,1998-06-17,28.62,29.88,28.62,29.25,110800.0,11.744805348622998,221600.0
3843,1998-06-18,29.31,29.31,28.75,28.94,102200.0,11.620330488518,204400.0
3844,1998-06-19,28.69,28.94,28.31,28.56,98400.0,11.467748401937001,196800.0
3845,1998-06-22,28.5,29.25,28.44,29.12,46900.0,11.692606213739998,93800.0
3846,1998-06-23,29.0,29.56,29.0,29.38,58600.0,11.797004483506,117200.0
3847,1998-06-24,29.62,30.12,29.38,29.88,144800.0,11.997770386901,289600.0
3848,1998-06-25,29.75,30.12,29.31,29.56,116100.0,11.869280208728002,232200.0
3849,1998-06-26,29.38,29.94,29.38,29.69,64400.0,11.921479343610999,128800.0
3850,1998-06-29,29.94,30.0,29.75,29.81,98100.0,11.969663160425998,196200.0
3851,1998-06-30,29.94,30.12,29.75,30.0,314400.0,12.045954203715999,628800.0
3852,1998-07-01,30.0,30.12,29.62,29.81,99000.0,11.969663160425998,198000.0
3853,1998-07-02,29.69,30.06,29.66,29.81,53700.0,11.969663160425998,107400.0
3854,1998-07-06,29.56,29.94,29.38,29.88,81700.0,11.997770386901,163400.0
3855,1998-07-07,29.75,29.94,29.62,29.62,86900.0,11.893372117135,173800.0
3856,1998-07-08,29.69,29.75,29.56,29.62,30800.0,11.893372117135,61600.0
3857,1998-07-09,28.62,29.25,28.62,29.12,121200.0,11.692606213739998,242400.0
3858,1998-07-10,29.0,29.19,28.06,28.31,94500.0,11.36736545024,189000.0
3859,1998-07-13,28.25,28.31,27.19,27.62,258800.0,11.090308503554,517600.0
3860,1998-07-14,27.62,28.06,27.5,27.62,238900.0,11.090308503554,477800.0
3861,1998-07-15,27.81,28.69,27.56,28.5,113100.0,11.44365649353,226200.0
3862,1998-07-16,28.56,29.75,28.19,29.38,351400.0,11.797004483506,702800.0
3863,1998-07-17,29.5,29.56,28.5,29.38,196300.0,11.797004483506,392600.0
3864,1998-07-20,29.0,29.19,28.75,29.12,51200.0,11.692606213739998,102400.0
3865,1998-07-21,29.38,29.69,28.75,29.06,207100.0,11.668514305333,414200.0
3866,1998-07-22,29.31,29.38,28.38,28.38,111000.0,11.42357990319,222000.0
3867,1998-07-23,28.12,28.25,27.75,28.19,202100.0,11.347100686080001,404200.0
3868,1998-07-24,28.19,28.19,27.62,27.88,129800.0,11.22231880553,259600.0
3869,1998-07-27,27.62,28.25,27.19,27.25,84100.0,10.968729822478002,168200.0
3870,1998-07-28,27.12,27.12,26.25,26.56,108200.0,10.690989507707,216400.0
3871,1998-07-29,26.81,26.81,26.19,26.31,33300.0,10.590358958877,66600.0
3872,1998-07-30,26.06,26.62,26.06,26.5,100300.0,10.666838175988,200600.0
3873,1998-07-31,26.25,26.44,25.62,25.81,84900.0,10.389097861217001,169800.0
3874,1998-08-03,25.94,27.5,25.94,27.44,162800.0,11.045209039589,325600.0
3875,1998-08-04,27.44,28.5,27.44,28.5,315400.0,11.471882566629,630800.0
3876,1998-08-05,28.38,29.06,27.62,29.06,118400.0,11.697294996008,236800.0
3877,1998-08-06,29.0,29.0,28.56,28.81,199500.0,11.596664447177998,399000.0
3878,1998-08-07,28.62,29.12,28.0,28.12,250200.0,11.318924132407,500400.0
3879,1998-08-10,27.81,28.0,27.31,27.81,104800.0,11.194142251858,209600.0
3880,1998-08-11,27.75,28.12,27.12,28.12,91200.0,11.318924132407,182400.0
3881,1998-08-12,28.38,28.94,28.31,28.88,119400.0,11.624841000851,238800.0
3882,1998-08-13,28.88,28.94,28.19,28.31,84300.0,11.395403349518,168600.0
3883,1998-08-14,28.31,28.62,28.19,28.38,41200.0,11.42357990319,82400.0
3884,1998-08-17,28.25,28.44,28.12,28.31,76200.0,11.395403349518,152400.0
3885,1998-08-18,28.25,29.12,28.25,29.0,74500.0,11.673143664289,149000.0
3886,1998-08-19,28.88,29.0,28.56,28.88,93000.0,11.624841000851,186000.0
3887,1998-08-20,28.88,29.0,28.5,28.88,133900.0,11.624841000851,267800.0
3888,1998-08-21,28.62,28.69,28.0,28.44,55300.0,11.447731234910002,110600.0
3889,1998-08-24,28.0,28.25,27.44,27.69,88500.0,11.145839588419001,177000.0
3890,1998-08-25,27.25,27.88,26.5,26.94,183300.0,10.843947941928999,366600.0
3891,1998-08-26,26.31,26.5,25.44,25.44,270400.0,10.240164648949,540800.0
3892,1998-08-27,25.44,25.5,23.5,24.12,321300.0,9.7088353511259,642600.0
3893,1998-08-28,24.5,24.81,23.88,23.94,265000.0,9.636381355968199,530000.0
3894,1998-08-31,24.19,24.81,23.44,23.44,138200.0,9.4351202583081,276400.0
3895,1998-09-01,23.56,23.69,18.88,19.44,1610900.0,7.8250314770268,3221800.0
3896,1998-09-02,19.62,23.19,19.56,22.0,553900.0,8.8554882970468,1107800.0
3897,1998-09-03,22.12,23.69,21.12,22.88,478100.0,9.2097078289287,956200.0
3898,1998-09-04,23.38,23.56,22.19,23.56,338900.0,9.483422921746499,677800.0
3899,1998-09-08,23.56,23.75,23.12,23.69,181900.0,9.5357508071382,363800.0
3900,1998-09-09,23.75,23.94,23.5,23.62,218200.0,9.507574253465698,436400.0
3901,1998-09-10,23.38,23.44,22.62,23.0,130900.0,9.258010492367099,261800.0
3902,1998-09-11,22.88,23.75,22.62,23.25,76800.0,9.358641041197199,153600.0
3903,1998-09-14,23.25,23.5,22.88,23.12,353900.0,9.306313155805599,707800.0
3904,1998-09-15,23.19,23.25,23.0,23.19,109800.0,9.334489709478001,219600.0
3905,1998-09-16,23.19,23.5,22.69,22.94,242800.0,9.2338591606479,485600.0
3906,1998-09-17,22.88,23.19,22.5,22.62,185000.0,9.1050520581454,370000.0
3907,1998-09-18,22.62,22.62,21.88,21.88,324000.0,8.8071856336084,648000.0
3908,1998-09-21,21.88,21.88,21.31,21.5,187900.0,8.6542271993867,375800.0
3909,1998-09-22,21.75,22.88,21.75,22.62,160500.0,9.1050520581454,321000.0
3910,1998-09-23,23.12,23.38,23.06,23.19,168300.0,9.334489709478001,336600.0
3911,1998-09-24,23.19,23.94,22.62,22.75,136400.0,9.1573799435371,272800.0
3912,1998-09-25,22.5,22.94,22.38,22.44,126000.0,9.0325980629878,252000.0
3913,1998-09-28,22.81,22.88,22.25,22.44,142400.0,9.0325980629878,284800.0
3914,1998-09-29,22.5,23.62,22.5,23.44,379800.0,9.4351202583081,759600.0
3915,1998-09-30,23.25,24.0,22.12,22.62,124400.0,9.1050520581454,248800.0
3916,1998-10-01,22.31,22.75,21.81,22.5,156500.0,9.056749394707,313000.0
3917,1998-10-02,22.38,23.5,22.38,23.25,140900.0,9.358641041197199,281800.0
3918,1998-10-05,23.0,23.94,22.75,23.69,167900.0,9.5357508071382,335800.0
3919,1998-10-06,23.69,24.06,23.12,23.38,111700.0,9.4109689265889,223400.0
3920,1998-10-07,23.25,23.5,22.25,22.94,87400.0,9.2338591606479,174800.0
3921,1998-10-08,22.69,22.69,20.56,21.81,105900.0,8.779009079936,211800.0
3922,1998-10-09,21.75,21.75,20.5,21.12,172900.0,8.501268765165,345800.0
3923,1998-10-12,21.44,22.56,21.44,22.44,77100.0,9.0325980629878,154200.0
3924,1998-10-13,22.31,22.69,22.12,22.25,83800.0,8.9561188458769,167600.0
3925,1998-10-14,22.0,22.12,21.5,21.75,237700.0,8.7548577482168,475400.0
3926,1998-10-15,21.56,22.75,21.44,22.62,147800.0,9.1050520581454,295600.0
3927,1998-10-16,22.88,23.94,22.69,23.25,196400.0,9.358641041197199,392800.0
3928,1998-10-19,23.25,23.62,23.19,23.62,116300.0,9.507574253465698,232600.0
3929,1998-10-20,23.44,24.12,23.44,23.62,61400.0,9.507574253465698,122800.0
3930,1998-10-21,23.31,23.38,22.0,22.19,165500.0,8.9601440678301,331000.0
3931,1998-10-22,22.44,22.44,21.81,22.31,107000.0,9.0085991056012,214000.0
3932,1998-10-23,22.75,25.0,22.5,24.94,188900.0,10.070572016749999,377800.0
3933,1998-10-26,24.94,25.81,24.88,25.5,150300.0,10.296695526348,300600.0
3934,1998-10-27,25.38,25.75,25.06,25.19,103100.0,10.171520012106,206200.0
3935,1998-10-28,25.44,25.75,25.0,25.25,107700.0,10.195747530992,215400.0
3936,1998-10-29,25.06,25.25,25.06,25.25,52600.0,10.195747530992,105200.0
3937,1998-10-30,25.62,25.69,24.88,25.12,156000.0,10.143254573407,312000.0
3938,1998-11-02,25.38,26.0,25.06,25.75,108300.0,10.397643521705,216600.0
3939,1998-11-03,26.0,26.25,25.44,26.12,46500.0,10.547046554831999,93000.0
3940,1998-11-04,26.06,27.25,26.06,27.25,82000.0,11.003331493843,164000.0
3941,1998-11-05,27.25,27.81,26.94,27.69,77500.0,11.180999965669999,155000.0
3942,1998-11-06,27.56,28.06,27.12,27.81,30600.0,11.229455003441,61200.0
3943,1998-11-09,27.62,28.75,27.62,28.5,78600.0,11.508071470625,157200.0
3944,1998-11-10,28.31,28.62,27.81,27.81,92700.0,11.229455003441,185400.0
3945,1998-11-11,27.69,27.75,26.06,26.69,68900.0,10.777207984244999,137800.0
3946,1998-11-12,26.75,27.5,26.5,27.5,42600.0,11.104279489199,85200.0
3947,1998-11-13,27.25,27.69,26.25,27.0,73100.0,10.902383498486,146200.0
3948,1998-11-16,27.12,27.31,26.0,26.5,54000.0,10.700487507774,108000.0
3949,1998-11-17,26.69,27.25,26.69,26.88,39900.0,10.853928460715,79800.0
3950,1998-11-18,26.88,27.19,26.19,26.56,86100.0,10.724715026659,172200.0
3951,1998-11-19,26.56,26.56,25.38,26.38,343900.0,10.652032470003,687800.0
3952,1998-11-20,26.38,26.88,25.75,26.56,71000.0,10.724715026659,142000.0
3953,1998-11-23,26.44,27.12,26.25,27.12,93400.0,10.950838536257,186800.0
3954,1998-11-24,27.12,27.94,26.88,27.25,125000.0,11.003331493843,250000.0
3955,1998-11-25,27.25,27.31,26.97,27.12,73000.0,10.950838536257,146000.0
3956,1998-11-27,27.25,27.56,27.12,27.38,53700.0,11.055824451428,107400.0
3957,1998-11-30,27.25,27.94,27.0,27.94,170200.0,11.281947961026,340400.0
3958,1998-12-01,27.94,29.44,27.62,28.69,161600.0,11.584791947095,323200.0
3959,1998-12-02,28.44,28.44,27.44,27.88,152600.0,11.257720442140998,305200.0
3960,1998-12-03,28.12,28.5,27.56,28.19,85900.0,11.382895956382999,171800.0
3961,1998-12-04,28.19,28.44,27.88,28.06,45000.0,11.330402998797,90000.0
3962,1998-12-07,27.81,28.44,27.69,28.31,75800.0,11.431350994154,151600.0
3963,1998-12-08,28.19,28.44,27.5,27.62,64800.0,11.15273452697,129600.0
3964,1998-12-09,27.81,28.12,26.94,27.56,77000.0,11.128507008085,154000.0
3965,1998-12-10,27.5,27.56,26.5,27.0,47600.0,10.902383498486,95200.0
3966,1998-12-11,27.12,27.12,26.38,26.94,50100.0,10.878155979600999,100200.0
3967,1998-12-14,26.69,26.75,25.81,26.62,32600.0,10.748942545545,65200.0
3968,1998-12-15,26.88,26.88,25.62,26.5,65700.0,10.700487507774,131400.0
3969,1998-12-16,26.31,26.31,25.12,25.25,93400.0,10.195747530992,186800.0
3970,1998-12-17,25.62,26.31,25.62,26.19,62600.0,10.575311993531999,125200.0
3971,1998-12-18,25.62,26.38,25.5,26.38,129900.0,10.652032470003,259800.0
3972,1998-12-21,26.5,26.81,25.75,26.81,81100.0,10.825663022016,162200.0
3973,1998-12-22,26.56,26.62,25.88,26.38,60200.0,10.652032470003,120400.0
3974,1998-12-23,26.5,26.94,25.56,26.81,78700.0,10.825663022016,157400.0
3975,1998-12-24,26.81,27.62,26.81,27.44,36200.0,11.080051970313999,72400.0
3976,1998-12-28,27.81,27.81,27.19,27.31,47000.0,11.027559012728,94000.0
3977,1998-12-29,27.06,27.31,26.25,27.06,29100.0,10.926611017372,58200.0
3978,1998-12-30,27.06,27.94,26.88,27.81,77500.0,11.229455003441,155000.0
3979,1998-12-31,27.69,27.94,27.69,27.81,53500.0,11.229455003441,107000.0
3980,1999-01-04,27.56,28.94,27.56,28.81,134100.0,11.633246984866,268200.0
3981,1999-01-05,28.56,29.62,28.56,29.62,87700.0,11.960318489821,175400.0
3982,1999-01-06,29.56,30.19,29.38,30.06,206000.0,12.137986961648,412000.0
3983,1999-01-07,29.81,30.0,28.88,29.06,72900.0,11.734194980223,145800.0
3984,1999-01-08,29.0,29.88,28.56,29.25,121000.0,11.810915456694,242000.0
3985,1999-01-11,29.0,29.0,27.88,28.5,112400.0,11.508071470625,224800.0
3986,1999-01-12,28.38,28.88,28.38,28.69,51200.0,11.584791947095,102400.0
3987,1999-01-13,28.75,28.75,28.19,28.62,195600.0,11.556526508396,391200.0
3988,1999-01-14,28.62,28.62,27.81,28.0,608700.0,11.306175479912,1217400.0
3989,1999-01-15,28.0,29.0,27.88,29.0,62800.0,11.709967461337,125600.0
3990,1999-01-19,28.69,28.69,27.69,28.12,166100.0,11.354630517683,332200.0
3991,1999-01-20,27.81,27.94,27.0,27.25,353100.0,11.031596932543001,706200.0
3992,1999-01-21,27.25,27.75,26.81,27.19,107000.0,11.007307177829,214000.0
3993,1999-01-22,26.94,27.38,26.38,26.81,76100.0,10.853472064640998,152200.0
3994,1999-01-25,27.19,28.06,26.62,28.06,201800.0,11.35950862118,403600.0
3995,1999-01-26,28.31,28.75,27.75,28.62,287600.0,11.586212998509,575200.0
3996,1999-01-27,28.75,29.12,28.06,28.38,195400.0,11.489053979653,390800.0
3997,1999-01-28,28.38,29.31,28.38,28.81,260700.0,11.663130555102999,521400.0
3998,1999-01-29,28.69,29.0,28.25,28.38,58500.0,11.489053979653,117000.0
3999,1999-02-01,28.25,28.88,28.12,28.44,80900.0,11.513343734367002,161800.0
4000,1999-02-02,28.25,28.44,27.31,27.62,107400.0,11.181383753278,214800.0
4001,1999-02-03,27.56,28.69,27.56,28.69,161400.0,11.614551045675,322800.0
4002,1999-02-04,28.44,28.44,27.06,27.06,180300.0,10.954679375948999,360600.0
4003,1999-02-05,27.31,27.69,27.12,27.56,109400.0,11.157093998564001,218800.0
4004,1999-02-08,27.94,27.94,26.75,26.94,126500.0,10.906099866521,253000.0
4005,1999-02-09,27.12,27.12,26.5,26.5,207700.0,10.727974998619,415400.0
4006,1999-02-10,26.56,26.88,26.5,26.69,70100.0,10.804892555213002,140200.0
4007,1999-02-11,26.88,27.44,26.69,27.44,131600.0,11.108514489135999,263200.0
4008,1999-02-12,27.56,27.56,26.38,26.88,90400.0,10.881810111807,180800.0
4009,1999-02-16,27.0,27.5,26.62,26.81,60700.0,10.853472064640998,121400.0
4010,1999-02-17,26.56,27.25,26.5,26.81,38100.0,10.853472064640998,76200.0
4011,1999-02-18,26.88,27.0,26.56,26.88,109500.0,10.881810111807,219000.0
4012,1999-02-19,27.06,27.81,27.06,27.69,128200.0,11.209721800444,256400.0
4013,1999-02-22,27.56,27.75,27.38,27.62,192500.0,11.181383753278,385000.0
4014,1999-02-23,27.62,27.88,27.31,27.5,111000.0,11.13280424385,222000.0
4015,1999-02-24,27.75,27.88,26.81,27.06,91000.0,10.954679375948999,182000.0
4016,1999-02-25,26.81,27.12,25.94,27.12,60400.0,10.978969130663,120800.0
4017,1999-02-26,27.0,27.06,25.75,26.5,152600.0,10.727974998619,305200.0
4018,1999-03-01,26.25,26.56,25.81,26.5,91100.0,10.727974998619,182200.0
4019,1999-03-02,26.5,27.06,26.38,26.75,80400.0,10.829182309927,160800.0
4020,1999-03-03,26.75,26.75,26.19,26.38,62400.0,10.679395489192,124800.0
4021,1999-03-04,26.38,27.06,26.31,26.75,95900.0,10.829182309927,191800.0
4022,1999-03-05,27.0,27.56,27.0,27.56,108800.0,11.157093998564001,217600.0
4023,1999-03-08,27.75,27.94,27.56,27.88,291500.0,11.286639357038,583000.0
4024,1999-03-09,27.62,27.88,27.25,27.31,88500.0,11.055886687256,177000.0
4025,1999-03-10,27.31,27.5,27.06,27.25,75700.0,11.031596932543001,151400.0
4026,1999-03-11,27.25,27.94,27.25,27.75,95800.0,11.234011555158,191600.0
4027,1999-03-12,27.38,27.69,26.75,27.44,204000.0,11.108514489135999,408000.0
4028,1999-03-15,27.44,27.94,27.38,27.75,80500.0,11.234011555158,161000.0
4029,1999-03-16,27.5,28.19,27.31,27.75,187400.0,11.234011555158,374800.0
4030,1999-03-17,27.56,27.75,26.94,26.94,112300.0,10.906099866521,224600.0
4031,1999-03-18,26.88,26.94,26.5,26.62,131000.0,10.776554508046999,262000.0
4032,1999-03-19,27.31,27.38,26.94,27.06,111800.0,10.954679375948999,223600.0
4033,1999-03-22,27.06,27.25,26.56,26.81,56100.0,10.853472064640998,112200.0
4034,1999-03-23,26.69,26.88,26.0,26.38,152400.0,10.679395489192,304800.0
4035,1999-03-24,26.62,26.62,25.69,26.06,140500.0,10.549850130718,281000.0
4036,1999-03-25,26.25,26.69,26.06,26.31,83200.0,10.651057442025,166400.0
4037,1999-03-26,26.44,26.56,26.06,26.19,90100.0,10.602477932598,180200.0
4038,1999-03-29,26.25,26.56,26.19,26.38,114400.0,10.679395489192,228800.0
4039,1999-03-30,26.12,26.31,25.5,25.75,198500.0,10.424353064696,397000.0
4040,1999-03-31,25.75,26.5,25.75,26.38,80600.0,10.679395489192,161200.0
4041,1999-04-01,26.88,26.88,26.44,26.75,60100.0,10.829182309927,120200.0
4042,1999-04-05,26.88,27.12,26.5,27.12,77400.0,10.978969130663,154800.0
4043,1999-04-06,26.94,27.38,26.94,27.12,68500.0,10.978969130663,137000.0
4044,1999-04-07,27.31,27.75,27.06,27.31,88800.0,11.055886687256,177600.0
4045,1999-04-08,27.19,27.31,26.81,27.19,51200.0,11.007307177829,102400.0
4046,1999-04-09,27.5,28.12,27.06,27.56,96200.0,11.157093998564001,192400.0
4047,1999-04-12,27.44,27.94,27.0,27.75,121800.0,11.234011555158,243600.0
4048,1999-04-13,27.56,27.75,26.5,26.81,151900.0,10.853472064640998,303800.0
4049,1999-04-14,26.81,27.75,26.69,27.25,75400.0,11.031596932543001,150800.0
4050,1999-04-15,27.38,27.75,26.75,27.75,123800.0,11.234011555158,247600.0
4051,1999-04-16,27.38,28.44,27.38,27.62,148500.0,11.181383753278,297000.0
4052,1999-04-19,27.81,29.25,27.81,28.56,181800.0,11.561923243794999,363600.0
4053,1999-04-20,28.75,29.0,28.44,28.75,158700.0,11.638840800389,317400.0
4054,1999-04-21,28.56,28.94,28.12,28.88,148600.0,11.719806649435,297200.0
4055,1999-04-22,28.88,30.12,28.62,30.12,149900.0,12.223011644078,299800.0
4056,1999-04-23,30.0,31.19,29.94,30.94,177600.0,12.555776237309999,355200.0
4057,1999-04-26,30.94,31.44,30.5,30.5,298500.0,12.377219626308,597000.0
4058,1999-04-27,30.75,32.94,30.62,32.88,312100.0,13.343048567639,624200.0
4059,1999-04-28,32.69,32.75,32.0,32.25,120300.0,13.087387965522002,240600.0
4060,1999-04-29,32.0,32.19,31.06,31.44,238100.0,12.758681477086,476200.0
4061,1999-04-30,31.19,31.69,30.94,31.25,87900.0,12.681577485971,175800.0
4062,1999-05-03,31.0,31.0,30.25,30.88,116500.0,12.531427608537,233000.0
4063,1999-05-04,31.12,33.44,31.12,33.12,276000.0,13.440443082732001,552000.0
4064,1999-05-05,33.12,33.25,32.0,33.0,270100.0,13.391745825186,540200.0
4065,1999-05-06,33.0,33.0,32.12,32.56,103200.0,13.213189214182998,206400.0
4066,1999-05-07,32.56,33.25,32.56,32.81,183500.0,13.314641834070999,367000.0
4067,1999-05-10,32.69,32.69,31.56,31.88,108600.0,12.937238088088,217200.0
4068,1999-05-11,31.62,32.38,31.62,32.19,92900.0,13.063039336749,185800.0
4069,1999-05-12,32.19,32.38,31.62,32.06,112700.0,13.010283974407999,225400.0
4070,1999-05-13,32.06,32.19,31.12,31.38,66200.0,12.734332848313,132400.0
4071,1999-05-14,31.56,31.62,30.62,31.44,64800.0,12.758681477086,129600.0
4072,1999-05-17,31.69,31.69,31.0,31.62,66800.0,12.831727363405001,133600.0
4073,1999-05-18,31.5,31.69,30.56,30.81,53500.0,12.503020874969001,107000.0
4074,1999-05-19,31.06,32.0,30.88,31.94,88100.0,12.961586716861,176200.0
4075,1999-05-20,31.88,31.94,31.5,31.75,25500.0,12.884482725747,51000.0
4076,1999-05-21,31.5,31.94,30.56,31.12,94200.0,12.62882212363,188400.0
4077,1999-05-24,30.94,31.19,30.5,30.69,40900.0,12.454323617423,81800.0
4078,1999-05-25,30.75,31.12,29.5,29.81,114000.0,12.097210395418001,228000.0
4079,1999-05-26,29.94,30.06,29.56,30.0,109700.0,12.174314386531998,219400.0
4080,1999-05-27,29.75,29.75,28.25,29.0,118900.0,11.768503906981001,237800.0
4081,1999-05-28,29.38,29.94,29.38,29.69,51200.0,12.048513137871002,102400.0
4082,1999-06-01,29.69,29.94,29.31,29.88,66700.0,12.125617128986,133400.0
4083,1999-06-02,30.0,30.12,28.19,28.94,210400.0,11.744155278208,420800.0
4084,1999-06-03,29.0,30.0,28.62,29.88,111300.0,12.125617128986,222600.0
4085,1999-06-04,29.88,30.25,29.81,30.19,53200.0,12.251418377647,106400.0
4086,1999-06-07,30.12,30.25,29.94,30.12,64500.0,12.223011644078,129000.0
4087,1999-06-08,30.62,30.62,30.12,30.44,98800.0,12.352870997535,197600.0
4088,1999-06-09,30.19,30.94,30.19,30.69,112600.0,12.454323617423,225200.0
4089,1999-06-10,30.56,30.81,30.12,30.62,154300.0,12.425916883854,308600.0
4090,1999-06-11,30.5,30.88,30.31,30.56,26900.0,12.401568255081001,53800.0
4091,1999-06-14,30.81,31.0,30.62,30.81,61500.0,12.503020874969001,123000.0
4092,1999-06-15,30.88,31.75,30.75,31.19,151800.0,12.657228857198,303600.0
4093,1999-06-16,31.81,31.81,31.06,31.69,115500.0,12.860134096974,231000.0
4094,1999-06-17,31.19,31.5,31.12,31.44,55400.0,12.758681477086,110800.0
4095,1999-06-18,31.25,31.69,31.06,31.25,90000.0,12.681577485971,180000.0
4096,1999-06-21,31.19,31.62,31.0,31.06,158100.0,12.604473494856,316200.0
4097,1999-06-22,31.0,31.62,30.75,31.38,73100.0,12.734332848313,146200.0
4098,1999-06-23,31.62,31.75,31.38,31.69,58800.0,12.860134096974,117600.0
4099,1999-06-24,31.62,31.94,31.44,31.81,85100.0,12.908831354519998,170200.0
4100,1999-06-25,31.81,31.94,31.38,31.69,77200.0,12.860134096974,154400.0
4101,1999-06-28,31.94,32.44,31.75,32.0,162200.0,12.985935345634001,324400.0
4102,1999-06-29,32.5,33.56,32.5,33.56,407100.0,13.618999693734,814200.0
4103,1999-06-30,33.56,36.0,33.19,35.62,434800.0,14.454969281609001,869600.0
4104,1999-07-01,35.38,35.44,34.62,35.38,192200.0,14.357574766517,384400.0
4105,1999-07-02,35.75,36.25,35.31,35.75,289300.0,14.507724643951,578600.0
4106,1999-07-06,35.69,35.69,34.12,34.12,116600.0,13.846253562283001,233200.0
4107,1999-07-07,34.0,35.0,33.62,34.44,101300.0,13.976112915739,202600.0
4108,1999-07-08,34.25,34.56,33.69,34.38,103300.0,13.951764286966,206600.0
4109,1999-07-09,34.62,34.81,33.75,34.19,94100.0,13.874660295851,188200.0
4110,1999-07-12,34.25,34.31,33.25,34.31,175600.0,13.923357553397,351200.0
4111,1999-07-13,34.5,34.62,33.5,34.56,153200.0,14.024810173285001,306400.0
4112,1999-07-14,34.31,34.5,33.88,34.25,80500.0,13.899008924623999,161000.0
4113,1999-07-15,34.31,35.38,34.31,35.12,137300.0,14.252064041833998,274600.0
4114,1999-07-16,35.0,35.06,34.44,34.75,69100.0,14.1019141644,138200.0
4115,1999-07-19,34.88,35.0,34.0,34.62,72200.0,14.049158802058,144400.0
4116,1999-07-20,34.38,34.38,33.38,33.69,88000.0,13.671755056076,176000.0
4117,1999-07-21,33.56,34.88,33.56,34.81,87500.0,14.154669526742001,175000.0
4118,1999-07-22,34.69,34.75,34.38,34.5,140600.0,14.028615302286001,281200.0
4119,1999-07-23,34.25,34.38,33.88,34.38,124800.0,13.979820118626002,249600.0
4120,1999-07-26,34.12,34.5,33.56,33.81,201200.0,13.748042996240999,402400.0
4121,1999-07-27,33.75,34.44,33.75,34.44,138400.0,14.004217710455999,276800.0
4122,1999-07-28,34.5,34.56,33.62,34.0,145800.0,13.825302037036,291600.0
4123,1999-07-29,33.94,33.94,33.12,33.44,62300.0,13.597591179955002,124600.0
4124,1999-07-30,33.44,33.62,32.62,33.56,72000.0,13.646386363615001,144000.0
4125,1999-08-02,33.62,34.12,33.56,33.75,79400.0,13.72364540441,158800.0
4126,1999-08-03,33.94,34.0,32.38,34.0,211800.0,13.825302037036,423600.0
4127,1999-08-04,33.75,34.0,33.19,33.25,166700.0,13.52033213916,333400.0
4128,1999-08-05,33.25,34.0,33.25,33.75,143700.0,13.72364540441,287400.0
4129,1999-08-06,33.62,34.12,32.81,33.19,149200.0,13.49593454733,298400.0
4130,1999-08-09,33.0,33.62,33.0,33.38,195500.0,13.573193588125,391000.0
4131,1999-08-10,33.44,33.44,33.0,33.19,138400.0,13.49593454733,276800.0
4132,1999-08-11,33.0,33.88,32.88,33.75,135600.0,13.72364540441,271200.0
4133,1999-08-12,33.62,33.62,33.06,33.44,67200.0,13.597591179955002,134400.0
4134,1999-08-13,33.44,33.44,33.12,33.38,101300.0,13.573193588125,202600.0
4135,1999-08-16,33.19,33.44,33.12,33.44,96000.0,13.597591179955002,192000.0
4136,1999-08-17,33.5,33.5,33.0,33.31,69900.0,13.54472973099,139800.0
4137,1999-08-18,33.25,33.25,32.5,32.81,84400.0,13.341416465739,168800.0
4138,1999-08-19,32.75,32.81,32.38,32.56,116500.0,13.239759833113999,233000.0
4139,1999-08-20,32.56,33.25,32.44,33.19,388000.0,13.49593454733,776000.0
4140,1999-08-23,33.25,34.0,33.25,33.88,87000.0,13.776506853376,174000.0
4141,1999-08-24,33.62,33.88,33.62,33.88,86900.0,13.776506853376,173800.0
4142,1999-08-25,33.94,34.88,33.88,34.5,68700.0,14.028615302286001,137400.0
4143,1999-08-26,34.69,34.69,33.62,33.75,67900.0,13.72364540441,135800.0
4144,1999-08-27,33.75,33.88,31.5,32.25,150400.0,13.113705608659,300800.0
4145,1999-08-30,32.0,32.94,31.88,32.0,163600.0,13.012048976034,327200.0
4146,1999-08-31,32.0,32.5,31.75,31.81,182100.0,12.934789935238,364200.0
4147,1999-09-01,31.81,33.31,31.81,33.0,209500.0,13.418675506535001,419000.0
4148,1999-09-02,32.81,33.12,32.69,33.06,113300.0,13.443073098365,226600.0
4149,1999-09-03,33.75,34.88,33.75,34.5,102900.0,14.028615302286001,205800.0
4150,1999-09-07,34.69,34.88,34.0,34.38,91400.0,13.979820118626002,182800.0
4151,1999-09-08,34.12,34.31,33.62,34.19,104000.0,13.902561077830999,208000.0
4152,1999-09-09,34.12,34.12,33.31,33.62,64800.0,13.670783955445001,129600.0
4153,1999-09-10,33.88,35.0,33.75,35.0,165200.0,14.231928567537,330400.0
4154,1999-09-13,34.88,35.69,34.5,35.62,116900.0,14.484037016447001,233800.0
4155,1999-09-14,35.62,37.75,35.62,37.62,565300.0,15.297290077449999,1130600.0
4156,1999-09-15,38.0,38.0,37.0,37.06,314500.0,15.069579220369,629000.0
4157,1999-09-16,37.06,37.06,36.62,36.75,110700.0,14.943524995913998,221400.0
4158,1999-09-17,35.5,37.12,35.38,37.12,171800.0,15.093976812199,343600.0
4159,1999-09-20,37.38,37.38,36.5,37.19,133500.0,15.122440669333999,267000.0
4160,1999-09-21,36.94,37.25,36.38,37.19,137900.0,15.122440669333999,275800.0
4161,1999-09-22,37.0,37.69,36.88,37.06,137700.0,15.069579220369,275400.0
4162,1999-09-23,37.06,37.88,36.5,36.81,175000.0,14.967922587744,350000.0
4163,1999-09-24,36.81,37.12,36.38,36.75,107700.0,14.943524995913998,215400.0
4164,1999-09-27,36.75,38.5,36.69,37.88,305100.0,15.40301297538,610200.0
4165,1999-09-28,38.0,39.38,37.38,38.31,350800.0,15.577862383494999,701600.0
4166,1999-09-29,38.44,39.25,37.75,39.0,200800.0,15.858434689541,401600.0
4167,1999-09-30,39.0,39.94,38.38,39.75,326000.0,16.163404587417,652000.0
4168,1999-10-01,39.5,39.56,38.5,38.75,230100.0,15.756778056916001,460200.0
4169,1999-10-04,38.56,39.25,37.94,39.19,173700.0,15.935693730336,347400.0
4170,1999-10-05,39.25,39.44,38.94,39.31,151600.0,15.984488913996,303200.0
4171,1999-10-06,39.44,39.94,39.0,39.75,202100.0,16.163404587417,404200.0
4172,1999-10-07,39.94,40.62,39.38,40.19,167700.0,16.342320260837,335400.0
4173,1999-10-08,40.06,40.62,39.56,39.88,143700.0,16.216266036382,287400.0
4174,1999-10-11,39.94,39.94,39.19,39.81,126200.0,16.187802179247,252400.0
4175,1999-10-12,39.75,39.81,39.44,39.69,196500.0,16.139006995587,393000.0
4176,1999-10-13,39.62,39.62,38.31,39.0,155500.0,15.858434689541,311000.0
4177,1999-10-14,39.0,39.0,38.19,38.56,87200.0,15.679519016120002,174400.0
4178,1999-10-15,38.88,38.88,36.62,36.88,169500.0,14.996386444879,339000.0
4179,1999-10-18,37.12,37.81,36.62,36.94,128000.0,15.020784036709001,256000.0
4180,1999-10-19,37.19,38.12,37.19,37.56,100400.0,15.272892485619,200800.0
4181,1999-10-20,37.62,38.25,37.5,38.25,100800.0,15.581928648800002,201600.0
4182,1999-10-21,38.25,38.5,37.69,38.38,159600.0,15.634886837672,319200.0
4183,1999-10-22,38.38,39.38,38.0,38.38,110600.0,15.634886837672,221200.0
4184,1999-10-25,39.0,40.81,39.0,40.06,422000.0,16.319269586168,844000.0
4185,1999-10-26,40.25,40.25,38.88,39.06,165000.0,15.911898902539999,330000.0
4186,1999-10-27,39.19,39.56,38.38,38.56,150600.0,15.708213560725,301200.0
4187,1999-10-28,38.5,39.94,38.5,39.56,118300.0,16.115584244354,236600.0
4188,1999-10-29,39.38,40.88,39.38,40.81,144000.0,16.624797598889998,288000.0
4189,1999-11-01,40.5,40.94,39.5,39.94,95300.0,16.270385104133002,190600.0
4190,1999-11-02,40.0,40.0,39.5,39.75,219000.0,16.192984674243,438000.0
4191,1999-11-03,40.0,40.12,37.75,38.94,242500.0,15.863014420504,485000.0
4192,1999-11-04,39.19,39.19,38.5,38.56,103700.0,15.708213560725,207400.0
4193,1999-11-05,38.81,39.31,38.75,39.25,114600.0,15.989299332428999,229200.0
4194,1999-11-08,39.75,39.94,38.94,39.88,89800.0,16.245942863115,179600.0
4195,1999-11-09,39.81,39.88,39.06,39.5,120900.0,16.091142003336,241800.0
4196,1999-11-10,39.25,40.44,39.12,39.81,126800.0,16.217426915261,253600.0
4197,1999-11-11,40.25,40.69,39.81,40.69,86400.0,16.575913116854,172800.0
4198,1999-11-12,40.81,40.94,39.88,40.12,221400.0,16.343711827186,442800.0
4199,1999-11-15,40.06,40.12,39.25,39.69,76900.0,16.168542433225998,153800.0
4200,1999-11-16,39.75,40.94,39.75,40.94,184000.0,16.677755787762,368000.0
4201,1999-11-17,40.69,42.5,40.69,42.0,487600.0,17.109568712408,975200.0
4202,1999-11-18,42.25,44.12,42.25,43.81,428000.0,17.846909649776002,856000.0
4203,1999-11-19,44.5,45.0,43.38,43.56,273100.0,17.745066978868998,546200.0
4204,1999-11-22,43.31,44.25,43.31,43.62,216800.0,17.769509219887,433600.0
4205,1999-11-23,43.5,43.56,41.88,42.31,112900.0,17.235853624333,225800.0
4206,1999-11-24,42.38,43.19,42.0,42.56,215300.0,17.33769629524,430600.0
4207,1999-11-26,42.56,43.44,42.44,43.06,26100.0,17.541381637055,52200.0
4208,1999-11-29,42.94,42.94,42.25,42.62,106300.0,17.362138536257998,212600.0
4209,1999-11-30,42.62,42.69,40.0,41.12,165000.0,16.751082510815,330000.0
4210,1999-12-01,41.25,41.69,40.81,41.56,189800.0,16.930325611611,379600.0
4211,1999-12-02,41.69,42.25,40.94,41.44,98800.0,16.881441129576,197600.0
4212,1999-12-03,41.31,42.94,41.31,42.69,113000.0,17.390654484112,226000.0
4213,1999-12-06,42.44,42.44,42.0,42.0,130200.0,17.109568712408,260400.0
4214,1999-12-07,42.06,42.44,41.5,42.12,110600.0,17.158453194444,221200.0
4215,1999-12-08,42.25,43.06,41.94,42.5,89300.0,17.313254054222,178600.0
4216,1999-12-09,42.56,43.62,42.0,43.62,210000.0,17.769509219887,420000.0
4217,1999-12-10,43.5,43.62,42.5,43.19,194400.0,17.594339825926,388800.0
4218,1999-12-13,43.06,43.06,41.88,42.12,228300.0,17.158453194444,456600.0
4219,1999-12-14,42.19,43.12,42.19,42.31,202200.0,17.235853624333,404400.0
4220,1999-12-15,42.5,42.94,42.06,42.69,91600.0,17.390654484112,183200.0
4221,1999-12-16,42.69,43.0,42.5,42.56,244500.0,17.33769629524,489000.0
4222,1999-12-17,42.12,42.38,39.0,39.25,368300.0,15.989299332428999,736600.0
4223,1999-12-20,39.31,41.5,39.31,40.56,141100.0,16.522954927983,282200.0
4224,1999-12-21,40.69,40.69,39.38,40.0,118100.0,16.294827345151,236200.0
4225,1999-12-22,40.0,40.12,37.81,38.0,145600.0,15.480085977893,291200.0
4226,1999-12-23,38.5,40.81,38.38,40.19,289300.0,16.37222777504,578600.0
4227,1999-12-27,40.0,40.38,39.62,40.19,193200.0,16.37222777504,386400.0
4228,1999-12-28,40.0,40.0,39.5,39.81,90200.0,16.217426915261,180400.0
4229,1999-12-29,39.81,41.0,39.75,40.81,116400.0,16.624797598889998,232800.0
4230,1999-12-30,40.75,42.19,40.62,41.69,106800.0,16.983283800483,213600.0
4231,1999-12-31,41.56,42.0,41.56,41.69,34300.0,16.983283800483,68600.0
4232,2000-01-03,41.75,42.0,40.75,41.44,141700.0,16.881441129576,283400.0
4233,2000-01-04,41.44,41.44,39.31,39.5,124600.0,16.091142003336,249200.0
4234,2000-01-05,39.69,39.81,38.0,39.06,95200.0,15.911898902539999,190400.0
4235,2000-01-06,39.31,40.5,39.12,39.56,200700.0,16.115584244354,401400.0
4236,2000-01-07,39.94,40.06,39.25,40.06,226600.0,16.319269586168,453200.0
4237,2000-01-10,39.81,42.94,39.81,41.69,205700.0,16.983283800483,411400.0
4238,2000-01-11,41.88,41.94,40.31,40.38,89400.0,16.449628204929994,178800.0
4239,2000-01-12,40.12,40.88,39.81,40.44,102100.0,16.474070445947,204200.0
4240,2000-01-13,40.19,41.69,40.19,41.56,198200.0,16.930325611611,396400.0
4241,2000-01-14,41.75,42.44,41.06,41.56,284600.0,16.930325611611,569200.0
4242,2000-01-18,41.5,43.25,41.25,43.12,372800.0,17.565823878072,745600.0
4243,2000-01-19,43.0,44.5,42.0,43.75,331200.0,17.850983356612,662400.0
4244,2000-01-20,43.75,46.56,43.75,45.5,499200.0,18.565022690876997,998400.0
4245,2000-01-21,46.12,49.0,45.75,47.12,573400.0,19.226019103168,1146800.0
4246,2000-01-24,47.5,48.12,46.56,47.31,399100.0,19.303543373745,798200.0
4247,2000-01-25,47.56,48.38,46.94,47.56,393100.0,19.405548992925,786200.0
4248,2000-01-26,47.5,48.0,47.31,47.69,235900.0,19.458591914899,471800.0
4249,2000-01-27,49.62,50.44,48.94,49.19,450600.0,20.070625629983002,901200.0
4250,2000-01-28,49.38,50.94,49.31,49.81,520700.0,20.323599565551,1041400.0
4251,2000-01-31,49.69,50.56,49.62,50.06,358800.0,20.425605184732,717600.0
4252,2000-02-01,49.81,51.94,49.75,51.44,381200.0,20.988676202609,762400.0
4253,2000-02-02,51.25,52.0,50.25,50.62,277900.0,20.654097771697,555800.0
4254,2000-02-03,50.81,51.56,50.75,50.94,275500.0,20.784664964247998,551000.0
4255,2000-02-04,51.19,53.0,50.62,52.69,333500.0,21.498704298512006,667000.0
4256,2000-02-07,53.25,53.62,52.5,53.31,291700.0,21.75167823408,583400.0
4257,2000-02-08,53.56,55.75,53.5,55.06,329100.0,22.465717568345,658200.0
4258,2000-02-09,55.06,55.44,54.12,54.5,359300.0,22.23722498138,718600.0
4259,2000-02-10,54.62,55.0,53.38,55.0,211200.0,22.441236219741,422400.0
4260,2000-02-11,56.88,58.0,55.5,56.5,519700.0,23.053269934825,1039400.0
4261,2000-02-14,56.94,60.31,56.81,59.75,700600.0,24.379342984174,1401200.0
4262,2000-02-15,60.06,66.88,59.38,65.31,758700.0,26.647947954751,1517400.0
4263,2000-02-16,65.06,68.94,63.62,67.06,545300.0,27.361987289016,1090600.0
4264,2000-02-17,67.06,84.5,67.06,76.12,1498100.0,31.058670928122,2996200.0
4265,2000-02-18,76.44,76.44,66.0,68.0,1296400.0,27.745528417135,2592800.0
4266,2000-02-22,68.0,71.62,67.62,70.0,930100.0,28.56157337058,1860200.0
4267,2000-02-23,70.25,70.38,67.69,68.69,254600.0,28.027063926072998,509200.0
4268,2000-02-24,69.06,69.88,64.5,65.19,461300.0,26.598985257543998,922600.0
4269,2000-02-25,65.12,65.12,62.0,63.0,562700.0,25.705416033522,1125400.0
4270,2000-02-28,62.5,62.94,56.81,60.38,773600.0,24.636397144509,1547200.0
4271,2000-02-29,60.38,67.0,59.0,64.62,1003700.0,26.366412445812998,2007400.0
4272,2000-03-01,64.5,72.62,64.5,68.0,640600.0,27.745528417135,1281200.0
4273,2000-03-02,69.88,74.31,68.12,72.56,522800.0,29.606110910990004,1045600.0
4274,2000-03-03,74.75,78.0,73.75,77.12,667100.0,31.466693404845,1334200.0
4275,2000-03-06,78.75,82.0,76.38,79.25,538800.0,32.335781280264,1077600.0
4276,2000-03-07,81.0,82.0,76.62,77.88,647500.0,31.776790487154003,1295000.0
4277,2000-03-08,78.5,78.75,69.19,71.31,594000.0,29.096082815086003,1188000.0
4278,2000-03-09,73.0,73.19,67.0,71.12,620300.0,29.018558544509002,1240600.0
4279,2000-03-10,72.0,77.25,72.0,72.56,389400.0,29.606110910990004,778800.0
4280,2000-03-13,72.62,74.0,68.56,69.44,361500.0,28.333080783615,723000.0
4281,2000-03-14,70.12,71.0,62.69,64.38,611700.0,26.268487051399003,1223400.0
4282,2000-03-15,68.88,68.88,62.31,64.62,832100.0,26.366412445812998,1664200.0
4283,2000-03-16,64.88,67.25,63.5,66.88,382400.0,27.288543243206,764800.0
4284,2000-03-17,64.5,70.94,64.5,69.81,746100.0,28.484049100003,1492200.0
4285,2000-03-20,69.69,72.75,69.69,70.5,678000.0,28.765584608941,1356000.0
4286,2000-03-21,70.25,70.31,65.62,68.12,299200.0,27.794491114341007,598400.0
4287,2000-03-22,68.38,70.12,67.81,68.75,231500.0,28.051545274677,463000.0
4288,2000-03-23,68.75,69.56,66.0,67.5,221300.0,27.541517178773,442600.0
4289,2000-03-24,68.5,69.25,65.12,66.12,292800.0,26.978446160896002,585600.0
4290,2000-03-27,65.88,68.62,65.88,68.0,348400.0,27.745528417135,696800.0
4291,2000-03-28,68.25,68.25,66.0,66.19,171100.0,27.007007734267006,342200.0
4292,2000-03-29,65.94,67.5,65.56,66.69,264400.0,27.211018972628,528800.0
4293,2000-03-30,66.75,67.5,63.06,64.25,448800.0,26.215444129425002,897600.0
4294,2000-03-31,65.0,67.5,63.0,66.5,503300.0,27.133494702051,1006600.0
4295,2000-04-03,66.38,66.38,62.5,63.75,256300.0,26.011432891064,512600.0
4296,2000-04-04,64.5,64.62,57.38,61.0,469700.0,24.889371080076998,939400.0
4297,2000-04-05,60.94,60.94,57.5,59.06,506700.0,24.097807475235,1013400.0
4298,2000-04-06,61.44,62.25,58.62,59.62,345500.0,24.326300062199998,691000.0
4299,2000-04-07,60.62,63.81,60.5,63.25,252600.0,25.807421652703,505200.0
4300,2000-04-10,62.56,64.5,60.75,61.06,222600.0,24.913852428680002,445200.0
4301,2000-04-11,61.31,65.25,60.06,62.81,496800.0,25.627891762944998,993600.0
4302,2000-04-12,62.81,63.94,59.5,60.0,258000.0,24.481348603354,516000.0
4303,2000-04-13,60.5,63.75,60.38,60.5,189800.0,24.685359841716,379600.0
4304,2000-04-14,60.5,60.56,55.25,55.75,234500.0,22.747253077283002,469000.0
4305,2000-04-17,55.5,55.94,50.5,54.94,386200.0,22.416754871138,772400.0
4306,2000-04-18,54.75,56.0,54.25,54.81,363600.0,22.392273522535,727200.0
4307,2000-04-19,55.38,58.0,54.44,54.94,283100.0,22.445384187704,566200.0
4308,2000-04-20,54.69,54.69,51.5,53.0,476400.0,21.652809645947,952800.0
4309,2000-04-24,53.0,53.0,49.62,50.0,475400.0,20.42717891127,950800.0
4310,2000-04-25,50.75,53.0,50.44,52.62,766800.0,21.497563086221,1533600.0
4311,2000-04-26,52.44,55.38,51.69,54.31,513900.0,22.188001733422,1027800.0
4312,2000-04-27,52.69,54.88,52.69,54.12,453700.0,22.110378453558997,907400.0
4313,2000-04-28,54.75,55.94,53.5,55.5,279600.0,22.67416859151,559200.0
4314,2000-05-01,54.0,55.88,53.0,54.31,233100.0,22.188001733422,466200.0
4315,2000-05-02,54.56,55.81,53.88,54.38,435700.0,22.216599783898,871400.0
4316,2000-05-03,53.88,54.44,51.81,52.88,353500.0,21.60378441656,707000.0
4317,2000-05-04,52.62,54.0,52.44,53.19,357700.0,21.730432925809,715400.0
4318,2000-05-05,53.19,56.12,53.06,56.12,509100.0,22.92746561001,1018200.0
4319,2000-05-08,56.0,56.0,53.25,54.38,284100.0,22.216599783898,568200.0
4320,2000-05-09,53.0,53.5,50.25,53.25,440900.0,21.754945540503,881800.0
4321,2000-05-10,52.12,52.12,49.56,50.38,350500.0,20.582425470996,701000.0
4322,2000-05-11,52.0,53.75,51.44,52.94,304500.0,21.628297031253,609000.0
4323,2000-05-12,53.0,54.31,53.0,54.12,533400.0,22.110378453558997,1066800.0
4324,2000-05-15,53.5,54.44,51.88,54.12,259800.0,22.110378453558997,519600.0
4325,2000-05-16,56.0,57.88,55.88,57.0,306300.0,23.286983958848,612600.0
4326,2000-05-17,56.0,57.12,54.5,55.19,256400.0,22.547520082259997,512800.0
4327,2000-05-18,53.69,56.0,53.69,55.0,268500.0,22.469896802397,537000.0
4328,2000-05-19,55.25,55.5,52.25,52.88,189500.0,21.60378441656,379000.0
4329,2000-05-22,53.12,53.12,50.12,52.38,198500.0,21.399512627447,397000.0
4330,2000-05-23,52.0,52.62,49.75,50.0,220600.0,20.42717891127,441200.0
4331,2000-05-24,50.25,51.12,48.75,51.12,285200.0,20.884747718883,570400.0
4332,2000-05-25,52.06,53.88,50.94,51.12,280600.0,20.884747718883,561200.0
4333,2000-05-26,51.38,52.25,50.06,50.44,146500.0,20.60693808569,293000.0
4334,2000-05-30,51.0,54.25,51.0,54.06,216400.0,22.085865838866,432800.0
4335,2000-05-31,54.0,54.5,52.0,52.5,290700.0,21.448537856833997,581400.0
4336,2000-06-01,53.88,56.88,53.88,56.56,384100.0,23.107224784429,768200.0
4337,2000-06-02,57.0,60.5,57.0,60.0,321200.0,24.512614693525,642400.0
4338,2000-06-05,59.5,59.5,57.31,58.75,221100.0,24.001935220742997,442200.0
4339,2000-06-06,58.25,61.38,58.25,60.44,649900.0,24.692373867944003,1299800.0
4340,2000-06-07,60.31,60.31,56.69,58.94,203500.0,24.079558500605998,407000.0
4341,2000-06-08,59.0,61.0,59.0,60.5,248000.0,24.716886482637,496000.0
4342,2000-06-09,60.94,62.0,59.75,60.94,182600.0,24.896645657056,365200.0
4343,2000-06-12,61.0,62.12,57.25,57.69,243700.0,23.568879027824,487400.0
4344,2000-06-13,57.69,58.62,55.88,58.5,246700.0,23.899799326186,493400.0
4345,2000-06-14,58.75,58.75,56.5,56.94,204500.0,23.262471344155003,409000.0
4346,2000-06-15,56.56,56.56,54.94,55.69,239600.0,22.751791871373,479200.0
4347,2000-06-16,53.75,57.0,53.75,55.94,412900.0,22.853927765928997,825800.0
4348,2000-06-19,56.0,61.5,54.19,60.38,363600.0,24.66786125325,727200.0
4349,2000-06-20,60.62,62.88,60.38,60.5,456700.0,24.716886482637,913400.0
4350,2000-06-21,60.56,60.56,59.31,59.62,109200.0,24.357368133799,218400.0
4351,2000-06-22,59.5,59.5,57.38,57.81,249300.0,23.617904257211,498600.0
4352,2000-06-23,58.0,58.62,56.94,58.44,375600.0,23.875286711493,751200.0
4353,2000-06-26,58.5,65.0,58.5,65.0,640100.0,26.555332584652,1280200.0
4354,2000-06-27,64.0,65.44,63.88,64.62,597400.0,26.400086024926,1194800.0
4355,2000-06-28,66.0,69.44,65.75,68.75,568400.0,28.087371002997,1136800.0
4356,2000-06-29,68.75,68.75,63.0,64.5,534100.0,26.351060795539,1068200.0
4357,2000-06-30,64.44,66.14,64.12,66.14,1008200.0,27.021072263829,2016400.0
4358,2000-07-03,66.0,66.0,65.0,65.0,182000.0,26.555332584652,364000.0
4359,2000-07-05,65.12,65.25,62.25,64.25,780000.0,26.248924900983,1560000.0
4360,2000-07-06,64.5,65.5,63.0,65.31,336400.0,26.681981093901,672800.0
4361,2000-07-07,66.31,68.62,65.69,68.19,601600.0,27.858586599191,1203200.0
4362,2000-07-10,68.19,68.19,66.94,67.75,374600.0,27.678827424771,749200.0
4363,2000-07-11,69.0,71.44,68.25,70.25,488000.0,28.700186370335,976000.0
4364,2000-07-12,71.88,75.62,70.88,75.5,751000.0,30.845040156018,1502000.0
4365,2000-07-13,76.94,77.0,73.0,73.5,433000.0,30.027952999568,866000.0
4366,2000-07-14,73.56,74.25,71.12,73.06,284400.0,29.848193825148,568800.0
4367,2000-07-17,74.5,76.75,73.88,75.72,242100.0,30.934919743228,484200.0
4368,2000-07-18,75.81,76.06,72.62,73.62,278500.0,30.076978228955003,557000.0
4369,2000-07-19,74.0,74.12,70.5,71.44,196000.0,29.214951278899,392000.0
4370,2000-07-20,71.5,73.88,68.56,70.38,273300.0,28.781470758803,546600.0
4371,2000-07-21,70.0,70.25,67.0,68.31,476400.0,27.934956912956,952800.0
4372,2000-07-24,68.56,70.25,67.56,67.81,315000.0,27.730484969515,630000.0
4373,2000-07-25,68.0,69.0,66.5,68.19,320200.0,27.885883646529997,640400.0
4374,2000-07-26,66.69,66.81,63.62,65.0,416300.0,26.581352647375002,832600.0
4375,2000-07-27,65.0,65.06,61.12,62.94,207600.0,25.738928240396,415200.0
4376,2000-07-28,63.0,65.5,62.0,63.75,294000.0,26.070172788771,588000.0
4377,2000-07-31,64.5,66.38,63.12,63.94,293500.0,26.147872127279,587000.0
4378,2000-08-01,64.81,66.19,62.12,65.62,751300.0,26.834897857241998,1502600.0
4379,2000-08-02,62.56,63.44,61.0,62.56,1785300.0,25.583529563381,3570600.0
4380,2000-08-03,61.5,62.88,60.81,62.12,633400.0,25.403594253151997,1266800.0
4381,2000-08-04,63.0,65.75,62.75,65.56,1042100.0,26.810361224029002,2084200.0
4382,2000-08-07,66.75,70.0,66.44,69.75,834100.0,28.523836110067002,1668200.0
4383,2000-08-08,70.0,72.0,69.94,71.94,953600.0,29.41942322234,1907200.0
4384,2000-08-09,72.31,72.5,70.56,71.25,545500.0,29.137251940391003,1091000.0
4385,2000-08-10,73.12,73.12,72.06,72.75,645400.0,29.750667770714998,1290800.0
4386,2000-08-11,72.5,73.62,72.31,72.94,556100.0,29.828367109223,1112200.0
4387,2000-08-14,73.5,74.88,72.38,74.81,335100.0,30.593092177694,670200.0
4388,2000-08-15,74.81,76.0,74.31,76.0,625300.0,31.079735403084,1250600.0
4389,2000-08-16,76.0,78.88,76.0,78.44,1085100.0,32.077558487078,2170200.0
4390,2000-08-17,78.44,80.94,78.38,79.81,855800.0,32.637811612107,1711600.0
4391,2000-08-18,80.0,80.88,78.62,79.12,425200.0,32.355640330158,850400.0
4392,2000-08-21,76.62,80.5,74.75,79.75,1013600.0,32.613274978894,2027200.0
4393,2000-08-22,79.5,85.38,79.12,84.0,1004300.0,34.351286498146,2008600.0
4394,2000-08-23,83.0,86.75,82.81,85.31,770300.0,34.887002989962,1540600.0
4395,2000-08-24,86.5,86.56,83.5,84.0,687400.0,34.351286498146,1374800.0
4396,2000-08-25,84.12,85.5,83.38,84.81,829900.0,34.68253104652,1659800.0
4397,2000-08-28,85.69,88.75,84.88,86.94,412600.0,35.553581525581,825200.0
4398,2000-08-29,87.88,89.88,86.62,87.81,543000.0,35.909362707169,1086000.0
4399,2000-08-30,87.56,90.5,87.0,89.5,616000.0,36.600477876,1232000.0
4400,2000-08-31,89.38,91.25,88.38,89.94,605300.0,36.780413186229,1210600.0
4401,2000-09-01,90.94,91.44,88.56,89.81,294000.0,36.727250480934,588000.0
4402,2000-09-05,87.5,87.5,84.38,86.75,536900.0,35.475882187073005,1073800.0
4403,2000-09-06,87.0,87.25,84.88,85.19,323600.0,34.837929723536,647200.0
4404,2000-09-07,85.25,88.0,85.25,87.31,772200.0,35.704890763727,1544400.0
4405,2000-09-08,87.25,88.94,86.5,88.38,635400.0,36.142460722692,1270800.0
4406,2000-09-11,87.62,90.38,86.81,88.5,443500.0,36.191533989118,887000.0
4407,2000-09-12,88.5,92.0,88.5,90.31,514800.0,36.931722424375,1029600.0
4408,2000-09-13,90.0,92.0,88.94,91.31,340000.0,37.340666311258005,680000.0
4409,2000-09-14,91.38,96.0,91.38,95.0,409900.0,38.849669253855,819800.0
4410,2000-09-15,93.5,96.0,92.25,94.25,374000.0,38.542961338693,748000.0
4411,2000-09-18,94.12,95.5,88.62,90.75,370300.0,37.111657734604,740600.0
4412,2000-09-19,91.5,94.5,90.62,93.5,221900.0,38.236253423531,443800.0
4413,2000-09-20,93.5,99.25,93.38,99.25,516700.0,40.587680773106,1033400.0
4414,2000-09-21,99.25,100.94,96.06,100.25,601200.0,40.996624659989,1202400.0
4415,2000-09-22,97.5,101.94,96.88,100.25,665500.0,40.996624659989,1331000.0
4416,2000-09-25,100.5,104.75,100.5,102.06,713000.0,41.736813095247,1426000.0
4417,2000-09-26,101.81,103.44,96.5,97.44,622400.0,39.847492337849005,1244800.0
4418,2000-09-27,99.0,102.0,98.38,100.5,806700.0,41.09886063171,1613400.0
4419,2000-09-28,100.75,109.12,100.75,107.0,1018700.0,43.756995896447,2037400.0
4420,2000-09-29,105.75,106.5,104.0,104.38,836200.0,42.685562912815,1672400.0
4421,2000-10-02,105.0,108.12,104.31,107.25,504100.0,43.859231868168,1008200.0
4422,2000-10-03,107.94,108.69,103.0,103.12,559500.0,42.170293615342004,1119000.0
4423,2000-10-04,102.0,102.0,96.25,99.25,864800.0,40.587680773106,1729600.0
4424,2000-10-05,98.0,103.0,97.88,98.12,569300.0,40.125574180929,1138600.0
4425,2000-10-06,98.62,100.62,90.62,93.38,818800.0,38.187180157105,1637600.0
4426,2000-10-09,92.25,95.5,88.06,94.75,719500.0,38.747433282134,1439000.0
4427,2000-10-10,93.0,99.38,92.75,99.38,558500.0,40.640843478400996,1117000.0
4428,2000-10-11,98.5,99.81,95.81,98.62,759500.0,40.33004612437,1519000.0
4429,2000-10-12,100.0,101.75,93.0,95.0,643700.0,38.849669253855,1287400.0
4430,2000-10-13,95.25,101.0,95.25,99.75,395800.0,40.792152716548,791600.0
4431,2000-10-16,99.25,104.38,99.0,103.06,327300.0,42.145756982129,654600.0
4432,2000-10-17,103.75,104.5,99.5,101.31,195900.0,41.430105180085,391800.0
4433,2000-10-18,100.88,103.5,99.0,102.0,618000.0,41.740902534116,1236000.0
4434,2000-10-19,104.88,107.81,103.5,106.94,658200.0,43.762471735278,1316400.0
4435,2000-10-20,106.31,111.0,106.31,110.94,658700.0,45.39936987387,1317400.0
4436,2000-10-23,113.69,116.88,112.0,113.69,645400.0,46.524737344153,1290800.0
4437,2000-10-24,113.69,117.5,112.38,115.88,430700.0,47.420939075033,861400.0
4438,2000-10-25,113.75,113.75,110.56,111.88,614500.0,45.78404093644,1229000.0
4439,2000-10-26,110.88,112.38,102.06,107.38,1072600.0,43.942530530523,2145200.0
4440,2000-10-27,108.25,111.88,106.5,111.38,589200.0,45.579428669116,1178400.0
4441,2000-10-30,111.62,117.0,111.38,117.0,524400.0,47.879270553839,1048800.0
4442,2000-10-31,117.0,121.0,117.0,119.5,674400.0,48.902331890459,1348800.0
4443,2000-11-01,119.62,120.62,116.5,117.31,725500.0,48.006130159579,1451000.0
4444,2000-11-02,117.88,119.5,117.56,119.12,522400.0,48.746826567293,1044800.0
4445,2000-11-03,119.19,119.19,114.5,115.94,661700.0,47.445492547110995,1323400.0
4446,2000-11-06,116.56,119.5,115.75,118.81,616600.0,48.619966961552,1233200.0
4447,2000-11-07,118.81,118.81,116.0,116.5,336800.0,47.674658286513996,673600.0
4448,2000-11-08,116.5,118.25,115.0,116.25,294900.0,47.572352152852,589800.0
4449,2000-11-09,116.25,117.31,109.06,110.44,925100.0,45.194757606546,1850200.0
4450,2000-11-10,108.94,108.94,103.94,104.25,797400.0,42.661657737074,1594800.0
4451,2000-11-13,96.0,99.12,90.62,97.25,1243500.0,39.797085994537,2487000.0
4452,2000-11-14,98.25,108.75,97.0,104.19,946500.0,42.637104264994996,1893000.0
4453,2000-11-15,105.19,110.44,104.62,109.62,789300.0,44.859193488135006,1578600.0
4454,2000-11-16,109.0,109.81,104.12,104.88,609300.0,42.919469193902,1218600.0
4455,2000-11-17,105.25,109.5,104.5,109.38,869600.0,44.760979599819,1739200.0
4456,2000-11-20,108.88,108.88,102.19,103.69,773100.0,42.432491997671,1546200.0
4457,2000-11-21,104.69,107.5,100.94,104.38,552500.0,42.714856926578,1105000.0
4458,2000-11-22,104.38,105.81,96.19,101.0,585500.0,41.331677999467004,1171000.0
4459,2000-11-24,101.75,103.38,101.19,102.81,165800.0,42.072374407181,331600.0
4460,2000-11-27,104.5,106.0,102.62,104.06,432300.0,42.583905075490996,864600.0
4461,2000-11-28,104.0,104.88,95.25,96.12,871100.0,39.334662270384,1742200.0
4462,2000-11-29,97.5,98.0,90.75,91.62,863600.0,37.493151864467,1727200.0
4463,2000-11-30,87.06,89.5,79.5,89.06,1419700.0,36.445537055768,2839400.0
4464,2000-12-01,89.06,98.94,89.0,98.88,1256100.0,40.464121986013,2512200.0
4465,2000-12-04,98.88,100.75,95.19,95.75,923800.0,39.183249192564,1847600.0
4466,2000-12-05,97.75,102.5,97.62,102.0,417100.0,41.740902534116,834200.0
4467,2000-12-06,102.75,104.44,100.5,101.62,489600.0,41.585397210949004,979200.0
4468,2000-12-07,100.38,100.38,96.75,98.5,415800.0,40.308616662847,831600.0
4469,2000-12-08,100.75,102.94,100.56,102.12,439900.0,41.790009478273,879800.0
4470,2000-12-11,102.88,111.5,101.38,110.88,582600.0,45.374816401792,1165200.0
4471,2000-12-12,109.5,110.25,105.5,108.19,476600.0,44.274002403588,953200.0
4472,2000-12-13,107.94,109.5,100.5,101.75,567000.0,41.638596400454,1134000.0
4473,2000-12-14,102.0,104.5,97.5,97.56,530800.0,39.923945600278,1061600.0
4474,2000-12-15,97.56,103.94,93.12,102.25,768700.0,41.843208667778,1537400.0
4475,2000-12-18,102.31,108.0,101.0,106.44,735100.0,43.557859467953996,1470200.0
4476,2000-12-19,106.19,109.94,104.56,106.0,529400.0,43.377800672708,1058800.0
4477,2000-12-20,104.12,106.62,101.0,102.44,541500.0,41.920961329361,1083000.0
4478,2000-12-21,102.44,103.0,93.12,94.94,764200.0,38.851777319499,1528400.0
4479,2000-12-22,95.5,100.44,95.25,99.38,586000.0,40.668734253337,1172000.0
4480,2000-12-26,100.12,100.44,98.0,99.5,308900.0,40.717841197495,617800.0
4481,2000-12-27,99.5,103.75,98.44,102.5,614800.0,41.94551480144,1229600.0
4482,2000-12-28,102.62,109.25,101.25,108.88,378100.0,44.556367332495,756200.0
4483,2000-12-29,108.0,110.25,103.25,105.0,377500.0,42.968576138059994,755000.0
4484,2001-01-02,103.5,104.62,96.5,97.0,557500.0,39.694779860875,1115000.0
4485,2001-01-03,97.0,100.62,91.0,100.06,1004200.0,40.947006936898,2008400.0
4486,2001-01-04,100.0,100.0,93.0,93.69,567200.0,38.340246651189,1134400.0
4487,2001-01-05,93.69,93.81,83.5,86.25,904900.0,35.295616113407,1809800.0
4488,2001-01-08,85.75,90.38,84.69,88.94,611200.0,36.396430111609995,1222400.0
4489,2001-01-09,91.0,91.0,85.38,87.31,624800.0,35.729394120134,1249600.0
4490,2001-01-10,86.44,92.38,86.44,91.12,606300.0,37.288539597143,1212600.0
4491,2001-01-11,91.94,95.94,89.88,95.56,403700.0,39.105496530981,807400.0
4492,2001-01-12,95.81,96.19,91.5,91.69,312100.0,37.521797581893,624200.0
4493,2001-01-16,91.5,92.44,85.62,90.94,546500.0,37.214879180907005,1093000.0
4494,2001-01-17,90.94,95.94,90.94,92.62,655100.0,37.931022116541,1310200.0
4495,2001-01-18,92.62,94.19,91.06,93.81,356700.0,38.418367358591,713400.0
4496,2001-01-19,93.94,93.94,86.75,87.5,516900.0,35.834208974275,1033800.0
4497,2001-01-22,88.62,89.94,88.0,89.44,438100.0,36.628704578962,876200.0
4498,2001-01-23,89.69,91.38,89.06,90.56,524300.0,37.087382453832,1048600.0
4499,2001-01-24,90.38,91.75,86.0,86.0,665600.0,35.219908249001996,1331200.0
4500,2001-01-25,90.0,90.5,85.5,87.94,1181600.0,36.014403853688,2363200.0
4501,2001-01-26,88.0,92.94,86.44,91.25,581900.0,37.369960787458,1163800.0
4502,2001-01-29,90.75,92.22,90.11,91.2,458700.0,37.349484096616,917400.0
4503,2001-01-30,93.0,94.24,91.06,92.3,473700.0,37.799971295149,947400.0
4504,2001-01-31,92.9,97.9,92.4,97.49,691300.0,39.925451804595,1382600.0
4505,2001-02-01,97.3,98.2,95.06,95.06,732500.0,38.930284629652,1465000.0
4506,2001-02-02,95.12,95.12,91.0,91.36,432000.0,37.415009507311,864000.0
4507,2001-02-05,92.8,92.9,89.76,91.12,651900.0,37.316721391268004,1303800.0
4508,2001-02-06,91.92,97.5,91.9,95.3,543700.0,39.028572745696,1087400.0
4509,2001-02-07,94.0,94.01,90.26,91.48,363400.0,37.464153565333,726800.0
4510,2001-02-08,91.48,93.49,90.04,90.36,325600.0,37.005475690463,651200.0
4511,2001-02-09,90.36,90.9,87.61,88.69,288100.0,36.321554216325005,576200.0
4512,2001-02-12,88.69,91.15,88.63,90.24,253700.0,36.956331632441,507400.0
4513,2001-02-13,90.0,92.69,88.02,88.03,234700.0,36.051261897205,469400.0
4514,2001-02-14,87.4,91.48,86.13,91.48,496300.0,37.464153565333,992600.0
4515,2001-02-15,93.0,93.74,90.5,91.4,398300.0,37.431390859985,796600.0
4516,2001-02-16,89.3,89.3,84.4,87.88,520000.0,35.989831824677,1040000.0
4517,2001-02-20,86.0,86.44,80.0,80.49,629000.0,32.963376918164,1258000.0
4518,2001-02-21,79.55,82.85,77.0,77.8,605900.0,31.861730950840997,1211800.0
4519,2001-02-22,76.55,77.5,72.9,74.1,1484100.0,30.346455828499998,2968200.0
4520,2001-02-23,73.5,76.0,71.6,75.38,625400.0,30.870659114067006,1250800.0
4521,2001-02-26,75.62,78.69,75.6,78.69,909000.0,32.226216047836,1818000.0
4522,2001-02-27,78.69,79.6,76.01,76.45,600900.0,31.308860298095002,1201800.0
4523,2001-02-28,77.0,77.25,71.04,73.22,776600.0,29.986066069673,1553200.0
4524,2001-03-01,71.75,72.48,68.53,71.99,655400.0,29.482339474949,1310800.0
4525,2001-03-02,70.75,73.97,70.6,72.45,447500.0,29.6707250307,895000.0
4526,2001-03-05,72.65,73.54,71.3,72.6,246000.0,29.732155103227,492000.0
4527,2001-03-06,75.0,75.74,74.6,75.15,506300.0,30.776466336191,1012600.0
4528,2001-03-07,74.0,74.24,71.25,71.94,525400.0,29.461862784106998,1050800.0
4529,2001-03-08,72.49,72.94,69.36,70.09,524100.0,28.704225222936,1048200.0
4530,2001-03-09,69.5,69.5,65.55,66.51,654300.0,27.238094158617,1308600.0
4531,2001-03-12,65.5,65.85,60.85,61.2,727400.0,25.063469591149996,1454800.0
4532,2001-03-13,62.05,63.58,61.79,63.4,649900.0,25.964443988217006,1299800.0
4533,2001-03-14,62.4,63.74,61.8,62.25,808500.0,25.493480098841,1617000.0
4534,2001-03-15,62.0,62.7,60.6,61.4,880300.0,25.14537635452,1760600.0
4535,2001-03-16,61.65,62.2,59.05,59.65,823900.0,24.428692175033998,1647800.0
4536,2001-03-19,59.66,60.45,57.6,59.15,719100.0,24.223925266610003,1438200.0
4537,2001-03-20,59.15,59.15,53.99,54.55,895600.0,22.340069709105002,1791200.0
4538,2001-03-21,55.75,55.95,49.8,51.35,1020700.0,21.029561495189,2041400.0
4539,2001-03-22,46.0,47.5,43.0,44.65,2382700.0,18.285684922300998,4765400.0
4540,2001-03-23,45.54,50.35,45.54,50.0,1385400.0,20.476690842443,2770800.0
4541,2001-03-26,52.5,53.5,51.9,52.41,1205400.0,21.463667341048,2410800.0
4542,2001-03-27,52.6,52.75,51.22,52.05,937300.0,21.316235166983,1874600.0
4543,2001-03-28,51.8,51.9,50.0,50.95,671500.0,20.865747968449,1343000.0
4544,2001-03-29,50.83,51.6,48.48,49.41,609600.0,20.235065890502,1219200.0
4545,2001-03-30,49.41,52.99,48.2,52.45,1031200.0,21.480048693722,2062400.0
4546,2001-04-02,52.32,52.69,48.25,48.75,421700.0,19.964773571382,843400.0
4547,2001-04-03,48.3,48.58,46.79,47.07,447600.0,19.276756759076,895200.0
4548,2001-04-04,46.9,48.25,42.55,42.75,1347800.0,17.507570670289,2695600.0
4549,2001-04-05,44.95,49.75,44.1,49.08,944900.0,20.099919730942,1889800.0
4550,2001-04-06,47.9,48.69,46.01,48.25,722800.0,19.760006662957,1445600.0
4551,2001-04-09,48.2,49.35,47.24,48.5,378400.0,19.862390117169,756800.0
4552,2001-04-10,48.55,50.95,48.55,50.52,1261400.0,20.689648427204002,2522800.0
4553,2001-04-11,52.55,53.93,51.7,52.2,986300.0,21.37766523951,1972600.0
4554,2001-04-12,52.1,56.5,51.1,56.03,678200.0,22.946179758041,1356400.0
4555,2001-04-16,55.25,55.28,53.01,54.5,541400.0,22.319593018263006,1082800.0
4556,2001-04-17,54.35,56.5,53.89,54.39,415300.0,22.274544298409,830600.0
4557,2001-04-18,56.25,60.47,56.25,60.45,998100.0,24.784986595693002,1996200.0
4558,2001-04-19,60.45,65.3,60.45,65.19,1047600.0,26.728424750591007,2095200.0
4559,2001-04-20,64.38,64.5,62.25,63.9,626500.0,26.199514366663,1253000.0
4560,2001-04-23,62.9,62.91,59.85,61.76,430500.0,25.322097140612,861000.0
4561,2001-04-24,61.76,64.92,61.0,61.25,623900.0,25.112993035338,1247800.0
4562,2001-04-25,61.2,62.59,60.85,62.39,418000.0,25.580402211832,836000.0
4563,2001-04-26,62.35,64.85,62.15,64.35,357000.0,26.384017988963,714000.0
4564,2001-04-27,64.92,65.75,62.52,63.58,513400.0,26.068311790805,1026800.0
4565,2001-04-30,65.0,67.85,64.89,66.91,623500.0,27.433638595828,1247000.0
4566,2001-05-01,65.35,65.5,61.75,63.0,931900.0,25.830507122062002,1863800.0
4567,2001-05-02,64.0,65.0,62.75,63.0,745600.0,25.830507122062002,1491200.0
4568,2001-05-03,63.0,63.05,61.75,62.88,607500.0,25.781306156114997,1215000.0
4569,2001-05-04,61.15,62.6,60.87,61.95,380500.0,25.399998670028,761000.0
4570,2001-05-07,61.86,64.5,61.75,64.34,395300.0,26.379917908468,790600.0
4571,2001-05-08,64.34,65.35,63.55,64.24,475000.0,26.338917103512,950000.0
4572,2001-05-09,63.9,65.75,62.69,65.75,309100.0,26.958029258342,618200.0
4573,2001-05-10,66.25,66.45,64.45,64.48,375500.0,26.437319035406,751000.0
4574,2001-05-11,64.45,65.6,64.23,64.24,467800.0,26.338917103512,935600.0
4575,2001-05-14,64.24,64.24,62.11,63.0,310200.0,25.830507122062002,620400.0
4576,2001-05-15,63.0,65.2,63.0,64.75,350200.0,26.548021208786,700400.0
4577,2001-05-16,64.52,67.0,63.91,66.51,872700.0,27.269635376005002,1745400.0
4578,2001-05-17,67.1,70.5,67.05,70.12,719300.0,28.749764434903998,1438600.0
4579,2001-05-18,70.12,73.2,69.1,72.82,620700.0,29.856786168707,1241400.0
4580,2001-05-21,72.7,74.84,71.75,74.17,406800.0,30.410297035608,813600.0
4581,2001-05-22,75.72,76.25,73.67,75.11,507400.0,30.795704602192,1014800.0
4582,2001-05-23,74.86,74.86,71.6,71.87,405700.0,29.467278521628,811400.0
4583,2001-05-24,71.85,72.63,71.31,71.8,237600.0,29.438577958158998,475200.0
4584,2001-05-25,71.96,72.44,71.0,72.39,239900.0,29.680482707398,479800.0
4585,2001-05-29,73.0,73.18,69.3,69.7,332600.0,28.577561054091,665200.0
4586,2001-05-30,68.0,68.4,67.0,67.01,312300.0,27.474639400784,624600.0
4587,2001-05-31,67.02,69.69,67.02,69.03,340600.0,28.302855660888,681200.0
4588,2001-06-01,69.95,70.2,68.56,70.04,264900.0,28.716963790940003,529800.0
4589,2001-06-04,35.0,35.0,34.2,34.9,328000.0,28.618561859046,328000.0
4590,2001-06-05,35.07,38.27,35.01,37.22,838400.0,30.520999208989,838400.0
4591,2001-06-06,37.21,37.21,35.9,36.5,637400.0,29.930587617627,637400.0
4592,2001-06-07,36.7,37.06,35.51,36.05,544900.0,29.561580373026,544900.0
4593,2001-06-08,36.45,36.8,35.25,36.1,358900.0,29.602581177982,358900.0
4594,2001-06-11,35.25,35.41,33.51,33.97,559600.0,27.855946886871,559600.0
4595,2001-06-12,32.5,33.55,32.19,33.38,1159700.0,27.372137388394,1159700.0
4596,2001-06-13,33.6,34.45,33.42,33.74,547500.0,27.667343184074998,547500.0
4597,2001-06-14,33.74,33.85,33.0,33.5,1038600.0,27.470539320288,1038600.0
4598,2001-06-15,35.35,36.0,34.5,35.58,1045900.0,29.176172806443,1045900.0
4599,2001-06-18,35.38,36.3,34.51,34.65,890700.0,28.413557834267998,890700.0
4600,2001-06-19,33.5,34.0,30.73,32.0,2548200.0,26.240515171618,2548200.0
4601,2001-06-20,31.95,31.95,29.35,29.86,2280800.0,24.485680719516,2280800.0
4602,2001-06-21,29.87,29.87,29.06,29.59,1249200.0,24.264276372756,1249200.0
4603,2001-06-22,29.35,29.4,27.25,28.22,1727500.0,23.140854316971,1727500.0
4604,2001-06-25,28.75,28.9,27.7,27.82,1347900.0,22.812847877326003,1347900.0
4605,2001-06-26,26.1,27.5,26.06,27.0,2025600.0,22.140434676053,2025600.0
4606,2001-06-27,26.9,27.1,26.0,26.73,1599900.0,21.919030329292998,1599900.0
4607,2001-06-28,26.87,27.1,26.0,26.39,2119900.0,21.640224855594,2119900.0
4608,2001-06-29,26.62,27.53,26.4,27.53,2122000.0,22.575043208583,2122000.0
4609,2001-07-02,26.6,27.21,26.6,26.78,1009200.0,21.960031134248,1009200.0
4610,2001-07-03,27.0,27.1,26.3,26.68,423900.0,21.878029524337002,423900.0
4611,2001-07-05,26.68,26.87,25.6,25.78,1079900.0,21.140015035135,1079900.0
4612,2001-07-06,25.7,25.75,24.94,25.06,488900.0,20.549603443774,488900.0
4613,2001-07-09,25.1,26.09,25.1,25.75,1420100.0,21.115414552162,1420100.0
4614,2001-07-10,26.0,26.56,25.87,25.95,1347900.0,21.279417771984,1347900.0
4615,2001-07-11,25.9,25.9,24.9,25.15,696600.0,20.623404892693998,696600.0
4616,2001-07-12,25.35,27.5,25.27,27.19,870800.0,22.296237734885,870800.0
4617,2001-07-13,27.19,27.95,26.75,27.54,752600.0,22.583243369574,752600.0
4618,2001-07-16,28.0,28.6,27.45,27.93,1908600.0,22.903049648228002,1908600.0
4619,2001-07-17,28.35,28.41,27.58,28.19,1099200.0,23.116253833997998,1099200.0
4620,2001-07-18,28.12,30.2,28.05,30.2,2119600.0,24.821887320153,2119600.0
4621,2001-07-19,31.15,31.2,30.0,30.01,927400.0,24.665723128403002,927400.0
4622,2001-07-20,30.0,30.45,30.0,30.36,529100.0,24.953394007942,529100.0
4623,2001-07-23,30.2,30.45,29.99,30.0,597700.0,24.657503960417,597700.0
4624,2001-07-24,30.25,31.2,30.01,31.2,1225200.0,25.643804118833,1225200.0
4625,2001-07-25,31.1,33.0,31.08,32.63,1463600.0,26.819145140946997,1463600.0
4626,2001-07-26,32.75,33.44,32.75,33.25,1380000.0,27.328733556128,1380000.0
4627,2001-07-27,33.55,34.5,33.3,33.95,648800.0,27.904075315205002,648800.0
4628,2001-07-30,33.95,34.06,31.62,31.97,822400.0,26.276680053817,822400.0
4629,2001-07-31,31.3,32.15,30.6,31.5,752100.0,25.890379158438,752100.0
4630,2001-08-01,31.49,31.49,30.25,30.99,1230500.0,25.47120159111,1230500.0
4631,2001-08-02,31.5,32.0,30.99,31.09,479400.0,25.553393270978,479400.0
4632,2001-08-03,31.1,31.1,30.4,30.72,633100.0,25.249284055467,633100.0
4633,2001-08-06,30.72,30.84,30.15,30.5,545200.0,25.068462359757,545200.0
4634,2001-08-07,30.99,31.15,30.0,30.51,568700.0,25.076681527744004,568700.0
4635,2001-08-08,30.3,30.55,29.25,29.31,669200.0,24.090381369327,669200.0
4636,2001-08-09,28.5,29.5,28.5,29.31,693900.0,24.090381369327,693900.0
4637,2001-08-10,29.22,30.11,28.9,29.73,654800.0,24.435586424773003,654800.0
4638,2001-08-13,29.75,29.98,29.4,29.65,1557800.0,24.369833080878,1557800.0
4639,2001-08-14,29.7,29.82,29.16,29.8,1227000.0,24.493120600681,1227000.0
4640,2001-08-15,29.8,29.9,28.41,28.62,373200.0,23.523258778238002,373200.0
4641,2001-08-16,28.65,28.66,28.11,28.35,241900.0,23.301341242594,241900.0
4642,2001-08-17,28.35,28.43,28.0,28.36,425500.0,23.309560410581003,425500.0
4643,2001-08-20,28.2,28.43,27.84,28.03,1177400.0,23.038327867016,1177400.0
4644,2001-08-21,27.8,29.5,27.65,28.51,934600.0,23.432847930383,934600.0
4645,2001-08-22,28.96,29.26,28.5,29.12,1027900.0,23.934217177578002,1027900.0
4646,2001-08-23,29.19,29.19,28.44,28.57,346100.0,23.482162938303,346100.0
4647,2001-08-24,28.81,29.76,28.66,29.51,1201800.0,24.254764729063,1201800.0
4648,2001-08-27,29.75,31.4,29.52,31.26,1100700.0,25.693119126754,1100700.0
4649,2001-08-28,31.02,31.3,30.61,30.76,776500.0,25.282160727414,776500.0
4650,2001-08-29,31.3,31.8,30.8,31.64,990300.0,26.005447510253,990300.0
4651,2001-08-30,31.65,32.7,31.5,32.2,1726900.0,26.465720917514,1726900.0
4652,2001-08-31,32.5,32.75,32.0,32.08,949800.0,26.367090901672,949800.0
4653,2001-09-04,31.85,32.4,31.52,31.87,774700.0,26.194488373949,774700.0
4654,2001-09-05,31.85,31.86,29.86,30.67,822900.0,25.208188215533,822900.0
4655,2001-09-06,30.42,30.74,29.8,30.43,445500.0,25.010928183849,445500.0
4656,2001-09-07,29.44,30.46,29.44,30.1,462400.0,24.739695640285,462400.0
4657,2001-09-10,29.5,30.0,28.85,29.21,521300.0,24.008189689458998,521300.0
4658,2001-09-17,30.0,31.5,27.07,27.82,1604700.0,22.865725339292997,1604700.0
4659,2001-09-18,28.25,28.49,27.32,27.54,537900.0,22.635588635662998,537900.0
4660,2001-09-19,27.45,28.55,26.15,27.27,1088500.0,22.413671100019002,1088500.0
4661,2001-09-20,27.0,27.18,25.71,25.87,922300.0,21.262987581866,922300.0
4662,2001-09-21,24.5,26.49,24.26,26.06,547700.0,21.419151773615,547700.0
4663,2001-09-24,27.22,28.15,27.06,27.2,574700.0,22.356136924111,574700.0
4664,2001-09-25,27.6,27.65,26.45,27.23,377000.0,22.380794428072,377000.0
4665,2001-09-26,27.2,27.65,26.15,26.51,314200.0,21.789014333022,314200.0
4666,2001-09-27,26.26,26.27,25.25,25.75,761600.0,21.164357566024,761600.0
4667,2001-09-28,25.95,26.48,25.75,26.24,734300.0,21.567096797378,734300.0
4668,2001-10-01,26.18,26.23,25.27,25.72,612800.0,21.139700062063998,612800.0
4669,2001-10-02,25.9,26.9,25.7,26.64,1055700.0,21.89586351685,1055700.0
4670,2001-10-03,26.39,28.3,26.21,28.04,643500.0,23.046547035002998,643500.0
4671,2001-10-04,28.78,28.99,28.1,28.4,564000.0,23.342437082528,564000.0
4672,2001-10-05,28.4,28.4,26.95,27.88,424300.0,22.915040347214,424300.0
4673,2001-10-08,27.63,28.87,27.1,28.24,367300.0,23.210930394738998,367300.0
4674,2001-10-09,28.3,28.42,27.5,27.8,746900.0,22.849287003319002,746900.0
4675,2001-10-10,27.8,28.64,27.28,28.2,658500.0,23.178053722792,658500.0
4676,2001-10-11,28.35,29.39,27.75,28.95,1230000.0,23.794491321802006,1230000.0
4677,2001-10-12,28.95,29.65,28.51,29.24,690400.0,24.032847193419,690400.0
4678,2001-10-15,29.24,29.39,28.35,28.99,292500.0,23.827367993749,292500.0
4679,2001-10-16,29.04,29.3,28.29,29.17,284100.0,23.975313017512,284100.0
4680,2001-10-17,30.5,30.5,29.3,30.19,1331000.0,24.871202328074002,1331000.0
4681,2001-10-18,30.0,30.0,28.91,29.29,912100.0,24.129762046680003,912100.0
4682,2001-10-19,29.05,29.2,28.21,28.53,553400.0,23.503656920170002,553400.0
4683,2001-10-22,28.62,28.95,27.68,28.49,786700.0,23.470704018775,786700.0
4684,2001-10-23,28.7,28.95,27.56,27.79,679200.0,22.894028244358,679200.0
4685,2001-10-24,27.9,27.95,27.2,27.25,689700.0,22.449164075522,689700.0
4686,2001-10-25,27.25,27.74,26.94,27.3,886500.0,22.490355202266002,886500.0
4687,2001-10-26,27.49,27.74,27.0,27.5,571600.0,22.655119709242,571600.0
4688,2001-10-29,27.42,27.46,26.8,26.99,858300.0,22.234970216453,858300.0
4689,2001-10-30,26.97,26.99,26.33,26.67,500100.0,21.971347005291,500100.0
4690,2001-10-31,26.77,27.55,26.73,26.91,366600.0,22.169064413662,366600.0
4691,2001-11-01,27.3,27.5,27.0,27.3,730900.0,22.490355202266002,730900.0
4692,2001-11-02,27.2,27.5,26.97,27.2,483000.0,22.407972948778,483000.0
4693,2001-11-05,27.45,27.96,27.16,27.27,592000.0,22.465640526220003,592000.0
4694,2001-11-06,27.3,27.88,27.02,27.77,652300.0,22.87755179366,652300.0
4695,2001-11-07,27.85,28.05,27.27,27.82,473800.0,22.918742920404,473800.0
4696,2001-11-08,28.0,28.75,26.99,27.02,430900.0,22.259684892499,430900.0
4697,2001-11-09,27.2,27.95,26.6,27.0,446700.0,22.243208441802,446700.0
4698,2001-11-12,27.14,27.72,26.15,27.43,825400.0,22.597452131801,825400.0
4699,2001-11-13,28.14,29.05,28.01,29.0,2365000.0,23.890853511565,2365000.0
4700,2001-11-14,29.5,30.21,29.0,29.48,988100.0,24.286288328308,988100.0
4701,2001-11-15,29.48,29.89,29.0,29.89,618800.0,24.624055567609002,618800.0
4702,2001-11-16,29.67,29.67,29.01,29.18,700800.0,24.039141567843,700800.0
4703,2001-11-19,29.18,29.18,28.61,28.98,972100.0,23.874377060867,972100.0
4704,2001-11-20,28.85,29.11,28.55,28.88,1184100.0,23.791994807378998,1184100.0
4705,2001-11-21,28.88,28.99,28.42,28.55,475400.0,23.520133370868002,475400.0
4706,2001-11-23,28.55,28.99,28.45,28.95,194200.0,23.849662384821,194200.0
4707,2001-11-26,29.0,29.25,28.5,28.95,557900.0,23.849662384821,557900.0
4708,2001-11-27,28.95,29.5,28.46,28.99,766100.0,23.882615286216,766100.0
4709,2001-11-28,28.8,28.8,27.81,27.95,616600.0,23.025839849938997,616600.0
4710,2001-11-29,27.94,28.18,27.61,27.94,733000.0,23.01760162459,733000.0
4711,2001-11-30,27.85,27.99,27.64,27.72,715300.0,22.836360666915997,715300.0
4712,2001-12-03,27.7,27.71,26.96,27.05,711200.0,22.284399568546,711200.0
4713,2001-12-04,27.2,29.84,27.15,29.6,1933500.0,24.385147032494,1933500.0
4714,2001-12-05,29.75,31.53,29.6,31.53,2252400.0,25.975124524815,2252400.0
4715,2001-12-06,31.46,33.5,31.46,33.15,2209500.0,27.309717031323,2209500.0
4716,2001-12-07,32.27,33.04,32.25,32.33,842500.0,26.63418255272,842500.0
4717,2001-12-10,32.2,32.8,31.76,32.11,777800.0,26.452941595046,777800.0
4718,2001-12-11,32.12,32.49,31.8,32.0,655300.0,26.362321116209003,655300.0
4719,2001-12-12,31.8,32.2,31.1,31.8,635800.0,26.197556609232997,635800.0
4720,2001-12-13,31.4,31.4,30.64,31.0,836000.0,25.538498581328,836000.0
4721,2001-12-14,31.0,31.0,30.3,30.56,778700.0,25.17601666598,778700.0
4722,2001-12-17,30.96,32.34,30.9,31.85,988600.0,26.238747735977,988600.0
4723,2001-12-18,31.85,32.98,31.81,32.53,1566400.0,26.798947059696,1566400.0
4724,2001-12-19,32.5,33.25,32.3,33.01,754000.0,27.19438187644,754000.0
4725,2001-12-20,32.95,33.1,32.48,32.55,1047900.0,26.815423510394,1047900.0
4726,2001-12-21,32.51,33.0,32.51,32.88,745700.0,27.087284946904997,745700.0
4727,2001-12-24,33.0,33.65,32.9,33.54,278400.0,27.631007819927,278400.0
4728,2001-12-26,33.54,35.29,33.5,34.41,820900.0,28.347733425274,820900.0
4729,2001-12-27,34.5,35.7,34.49,35.25,1207400.0,29.039744354573997,1207400.0
4730,2001-12-28,35.33,35.95,35.05,35.74,500300.0,29.443417396666003,500300.0
4731,2001-12-31,36.25,36.29,34.78,35.02,762300.0,28.850265171550998,762300.0
4732,2002-01-02,34.85,34.99,33.7,34.99,792100.0,28.825550495505,792100.0
4733,2002-01-03,34.55,35.87,34.41,35.83,864900.0,29.517561424805002,864900.0
4734,2002-01-04,36.0,36.3,35.58,36.22,694800.0,29.838852213408998,694800.0
4735,2002-01-07,35.7,36.14,35.05,35.05,1009200.0,28.874979847598,1009200.0
4736,2002-01-08,35.5,35.63,34.67,35.0,787800.0,28.833788720854002,787800.0
4737,2002-01-09,35.1,35.9,34.26,34.31,772100.0,28.265351171785998,772100.0
4738,2002-01-10,34.51,34.51,33.59,33.88,751200.0,27.911107481787,751200.0
4739,2002-01-11,33.56,34.5,33.55,33.72,339300.0,27.779295876205,339300.0
4740,2002-01-14,33.51,33.95,32.5,33.02,512500.0,27.202620101788,512500.0
4741,2002-01-15,32.7,33.3,32.55,33.03,466100.0,27.210858327136997,466100.0
4742,2002-01-16,32.95,32.95,31.85,31.85,606700.0,26.296415313418997,606700.0
4743,2002-01-17,32.0,32.32,31.02,32.07,658500.0,26.478054602868,658500.0
4744,2002-01-18,32.06,32.1,31.0,31.28,920800.0,25.825804427119003,920800.0
4745,2002-01-22,31.95,32.1,30.51,30.81,488300.0,25.437756854205,488300.0
4746,2002-01-23,30.81,32.3,30.51,32.03,586100.0,26.445029277512997,586100.0
4747,2002-01-24,32.03,32.75,31.65,32.0,866000.0,26.420260283498006,866000.0
4748,2002-01-25,31.85,31.9,31.2,31.49,458500.0,25.999187385229,458500.0
4749,2002-01-28,31.19,31.36,29.2,30.0,1444700.0,24.768994015779,1444700.0
4750,2002-01-29,30.15,30.6,29.34,29.62,779100.0,24.455253424911998,779100.0
4751,2002-01-30,29.55,29.93,28.0,29.62,794300.0,24.455253424911998,794300.0
4752,2002-01-31,29.45,29.99,29.0,29.5,777200.0,24.356177448849,777200.0
4753,2002-02-01,29.08,29.7,29.0,29.34,448200.0,24.224076147431997,448200.0
4754,2002-02-04,29.15,29.31,27.8,28.04,1119700.0,23.150753073414997,1119700.0
4755,2002-02-05,27.55,27.55,26.47,26.7,1229900.0,22.044404674043,1229900.0
4756,2002-02-06,27.0,27.19,25.51,25.95,1735000.0,21.425179823649,1735000.0
4757,2002-02-07,26.05,27.15,25.79,26.67,893000.0,22.019635680028,893000.0
4758,2002-02-08,26.84,27.2,25.85,26.47,956700.0,21.854509053256002,956700.0
4759,2002-02-11,26.05,26.9,25.7,26.5,913000.0,21.879278047271,913000.0
4760,2002-02-12,26.4,26.84,25.3,26.22,1031600.0,21.648100769791004,1031600.0
4761,2002-02-13,26.35,26.64,25.88,26.0,1081600.0,21.466461480341998,1081600.0
4762,2002-02-14,26.25,26.29,25.38,25.49,627900.0,21.045388582074,627900.0
4763,2002-02-15,25.51,25.58,24.67,24.92,988900.0,20.574777695774,988900.0
4764,2002-02-19,24.5,24.74,24.06,24.33,538100.0,20.087654146797,538100.0
4765,2002-02-20,24.06,24.73,24.06,24.46,668700.0,20.194986454198002,668700.0
4766,2002-02-21,24.17,24.5,23.9,24.02,744200.0,19.8317078753,744200.0
4767,2002-02-22,24.1,24.22,23.52,23.63,610300.0,19.509710953095,610300.0
4768,2002-02-25,23.8,24.25,23.02,24.05,1371800.0,19.856476869316,1371800.0
4769,2002-02-26,24.18,24.52,23.53,24.38,871700.0,20.12893580349,871700.0
4770,2002-02-27,24.66,24.94,23.34,23.65,979300.0,19.526223615772,979300.0
4771,2002-02-28,23.65,23.94,22.81,23.0,1002700.0,18.989562078764,1002700.0
4772,2002-03-01,20.5,23.0,15.71,15.75,16194000.0,13.003721858283999,16194000.0
4773,2002-03-04,16.5,17.1,16.0,16.21,5706000.0,13.383513099859,5706000.0
4774,2002-03-05,16.21,16.84,16.02,16.76,5944300.0,13.837611323482001,5944300.0
4775,2002-03-06,16.75,17.55,16.75,17.0,9412300.0,14.035763275608003,9412300.0
4776,2002-03-07,17.2,17.88,17.0,17.7,2902800.0,14.61370646931,2902800.0
4777,2002-03-08,17.8,18.1,16.95,17.57,4306300.0,14.506374161907999,4306300.0
4778,2002-03-11,17.4,17.45,16.8,17.07,2174200.0,14.093557594978002,2174200.0
4779,2002-03-12,16.75,17.6,16.5,17.3,3033500.0,14.283453215766,3033500.0
4780,2002-03-13,17.39,17.63,17.2,17.5,1213700.0,14.448579842537999,1213700.0
4781,2002-03-14,17.41,17.83,16.95,17.21,1558600.0,14.209146233719,1558600.0
4782,2002-03-15,17.58,17.58,17.25,17.36,1129700.0,14.332991203796999,1129700.0
4783,2002-03-18,17.64,17.69,17.35,17.59,1120100.0,14.522886824585,1120100.0
4784,2002-03-19,17.67,18.18,17.6,17.85,1515700.0,14.737551439388001,1515700.0
4785,2002-03-20,17.85,18.25,17.7,18.03,1301300.0,14.886165403483,1301300.0
4786,2002-03-21,18.0,18.1,17.5,17.76,803600.0,14.663244457341001,803600.0
4787,2002-03-22,17.98,18.0,17.38,17.65,847000.0,14.572424812617,847000.0
4788,2002-03-25,17.64,17.68,17.06,17.35,1511700.0,14.324734872458999,1511700.0
4789,2002-03-26,17.6,17.98,17.32,17.65,1054800.0,14.572424812617,1054800.0
4790,2002-03-27,17.8,18.08,17.51,17.97,938900.0,14.836627415452002,938900.0
4791,2002-03-28,18.15,18.5,18.02,18.5,1000100.0,15.274212976397,1000100.0
4792,2002-04-01,18.22,18.6,18.06,18.6,661400.0,15.356776289783001,661400.0
4793,2002-04-02,18.16,18.37,17.9,18.17,1285700.0,15.001754042223,1285700.0
4794,2002-04-03,18.0,18.03,17.26,17.4,767300.0,14.366016529152,767300.0
4795,2002-04-04,17.4,17.45,16.95,17.24,952200.0,14.233915227734,952200.0
4796,2002-04-05,17.42,17.57,17.0,17.24,1503400.0,14.233915227734,1503400.0
4797,2002-04-08,17.0,17.16,16.5,16.79,1488500.0,13.862380317498,1488500.0
4798,2002-04-09,16.85,16.99,16.57,16.67,596600.0,13.763304341435001,596600.0
4799,2002-04-10,16.62,16.85,16.44,16.7,846000.0,13.788073335450001,846000.0
4800,2002-04-11,15.5,15.52,11.78,12.01,10579800.0,9.9158539376502,10579800.0
4801,2002-04-12,12.2,12.22,11.8,12.11,4201200.0,9.998417251036098,4201200.0
4802,2002-04-15,12.35,12.55,12.1,12.45,1032700.0,10.279132516548001,1032700.0
4803,2002-04-16,12.67,13.25,12.67,12.8,1505600.0,10.568104113399,1505600.0
4804,2002-04-17,12.76,13.3,12.76,13.3,1141600.0,11.038714999699,1141600.0
4805,2002-04-18,13.44,13.49,12.96,13.24,876300.0,10.988916285414,876300.0
4806,2002-04-19,13.29,13.67,13.19,13.58,1168800.0,11.271108999691998,1168800.0
4807,2002-04-22,13.75,13.75,13.25,13.36,1009500.0,11.088513713983,1009500.0
4808,2002-04-23,13.56,13.56,12.96,13.0,765500.0,10.789721428277,765500.0
4809,2002-04-24,12.95,13.07,12.76,12.9,1059300.0,10.706723571136001,1059300.0
4810,2002-04-25,12.98,13.03,12.06,12.48,1331200.0,10.358132571146,1331200.0
4811,2002-04-26,12.8,12.8,11.88,11.95,1997600.0,9.9182439283008,1997600.0
4812,2002-04-29,12.14,12.65,12.01,12.61,1539900.0,10.466029785428999,1539900.0
4813,2002-04-30,12.61,12.95,12.35,12.8,939700.0,10.623725713996,939700.0
4814,2002-05-01,12.65,12.65,11.8,12.38,1242100.0,10.275134714005,1242100.0
4815,2002-05-02,12.43,12.6,12.1,12.49,625600.0,10.36643235686,625600.0
4816,2002-05-03,12.5,12.5,11.93,12.31,666400.0,10.217036214006999,666400.0
4817,2002-05-06,12.41,12.47,11.92,11.98,843000.0,9.943143285443,843000.0
4818,2002-05-07,12.1,12.35,11.85,12.17,1080500.0,10.10083921401,1080500.0
4819,2002-05-08,12.4,12.99,12.31,12.99,795500.0,10.781421642563,795500.0
4820,2002-05-09,12.75,13.27,12.3,12.31,931900.0,10.217036214006999,931900.0
4821,2002-05-10,12.31,12.53,12.03,12.35,443700.0,10.250235356863,443700.0
4822,2002-05-13,12.35,12.7,12.21,12.56,357200.0,10.424530856858,357200.0
4823,2002-05-14,12.85,13.43,12.83,13.37,961200.0,11.096813499697001,961200.0
4824,2002-05-15,13.38,14.1,13.27,13.76,946900.0,11.420505142546,946900.0
4825,2002-05-16,13.77,14.25,13.76,14.04,947500.0,11.652899142539,947500.0
4826,2002-05-17,14.04,14.4,13.9,14.0,1003600.0,11.619699999683,1003600.0
4827,2002-05-20,14.0,14.23,13.88,14.07,837300.0,11.677798499681003,837300.0
4828,2002-05-21,14.07,14.1,13.35,13.6,598500.0,11.287708571121,598500.0
4829,2002-05-22,13.6,14.04,13.6,13.8,903400.0,11.453704285402,903400.0
4830,2002-05-23,13.81,14.67,13.7,14.62,1606500.0,12.134286713955,1606500.0
4831,2002-05-24,14.3,14.3,13.5,14.08,934900.0,11.686098285395,934900.0
4832,2002-05-28,14.09,14.37,13.82,14.03,392300.0,11.644599356825,392300.0
4833,2002-05-29,14.03,14.5,13.92,14.03,702400.0,11.644599356825,702400.0
4834,2002-05-30,14.03,14.1,13.35,13.89,504400.0,11.528402356828,504400.0
4835,2002-05-31,13.93,14.18,13.84,13.97,731900.0,11.594800642541001,731900.0
4836,2002-06-03,13.87,13.87,12.9,13.02,592000.0,10.806320999705,592000.0
4837,2002-06-04,13.03,13.49,13.0,13.32,868300.0,11.055314571127,868300.0
4838,2002-06-05,13.32,13.56,12.8,13.29,702500.0,11.030415213985,702500.0
4839,2002-06-06,13.29,13.35,12.99,13.35,425300.0,11.080213928269,425300.0
4840,2002-06-07,13.35,13.38,12.86,13.36,659900.0,11.088513713983,659900.0
4841,2002-06-10,13.31,13.31,13.07,13.22,508600.0,10.972316713986,508600.0
4842,2002-06-11,13.25,13.32,12.92,13.0,665100.0,10.789721428277,665100.0
4843,2002-06-12,12.95,13.01,12.6,12.7,771900.0,10.540727856855,771900.0
4844,2002-06-13,12.7,13.18,12.7,12.95,728300.0,10.748222499707,728300.0
4845,2002-06-14,12.85,12.9,12.0,12.61,700000.0,10.466029785428999,700000.0
4846,2002-06-17,12.65,13.0,12.55,12.7,898300.0,10.540727856855,898300.0
4847,2002-06-18,12.3,12.57,12.1,12.25,1883000.0,10.167237499723,1883000.0
4848,2002-06-19,12.15,12.35,12.02,12.16,783100.0,10.092539428296,783100.0
4849,2002-06-20,12.16,12.2,11.11,11.26,1756400.0,9.3455587140307,1756400.0
4850,2002-06-21,10.93,11.59,10.93,11.0,1366700.0,9.129764285465198,1366700.0
4851,2002-06-24,10.85,11.2,10.66,11.1,808700.0,9.2127621426058,808700.0
4852,2002-06-25,11.2,11.3,10.48,10.97,746600.0,9.104864928323,746600.0
4853,2002-06-26,10.97,11.15,10.44,11.15,735800.0,9.2542610711761,735800.0
4854,2002-06-27,11.15,11.5,11.05,11.17,846900.0,9.2708606426042,846900.0
4855,2002-06-28,11.17,11.49,10.93,11.05,1130500.0,9.1712632140355,1130500.0
4856,2002-07-01,11.15,11.28,10.26,10.27,543900.0,8.5238799283389,543900.0
4857,2002-07-02,10.27,10.27,9.74,9.84,1309100.0,8.1669891426343,1309100.0
4858,2002-07-03,9.6,9.95,9.26,9.45,1602200.0,7.843297499786,1602200.0
4859,2002-07-05,9.46,10.24,9.45,10.18,528100.0,8.449181856912299,528100.0
4860,2002-07-08,10.16,10.16,9.75,9.79,381600.0,8.125490214064,381600.0
4861,2002-07-09,9.71,10.05,9.45,9.6,461200.0,7.9677942854969,461200.0
4862,2002-07-10,9.61,9.75,9.27,9.35,502200.0,7.760299642645402,502200.0
4863,2002-07-11,9.25,9.5,8.9,9.21,1336000.0,7.644102642648599,1336000.0
4864,2002-07-12,9.11,9.72,8.95,9.7,835600.0,8.0507921426375,835600.0
4865,2002-07-15,9.68,9.68,8.7,9.0,1187300.0,7.469807142653298,1187300.0
4866,2002-07-16,9.04,9.13,8.74,8.75,770300.0,7.2623124998019,770300.0
4867,2002-07-17,9.0,9.2,8.4,8.68,823300.0,7.2623124998019,823300.0
4868,2002-07-18,8.6,8.77,8.1,8.27,1027800.0,6.9192770015393,1027800.0
4869,2002-07-19,8.2,8.25,7.7,7.7,1012300.0,6.442373991759701,1012300.0
4870,2002-07-22,7.48,7.74,7.21,7.35,1216700.0,6.1495388103161,1216700.0
4871,2002-07-23,7.25,7.4,6.48,6.85,1803800.0,5.7312028368252,1803800.0
4872,2002-07-24,6.8,7.5,6.5,7.5,1318600.0,6.2750396023634005,1318600.0
4873,2002-07-25,7.5,8.3,7.3,7.35,2118700.0,6.1495388103161,2118700.0
4874,2002-07-26,7.28,7.4,6.59,6.7,1472400.0,5.6057020447779,1472400.0
4875,2002-07-29,6.95,7.3,6.88,7.25,1116500.0,6.0658716156179,1116500.0
4876,2002-07-30,7.26,8.15,7.1,7.82,1462500.0,6.5427746253975,1462500.0
4877,2002-07-31,7.85,7.85,7.51,7.62,658000.0,6.375440236001201,658000.0
4878,2002-08-01,7.52,7.92,7.52,7.8,823700.0,6.5260411864579,823700.0
4879,2002-08-02,7.7,7.85,7.37,7.85,1140700.0,6.567874783807,1140700.0
4880,2002-08-05,7.56,7.88,7.25,7.32,1139800.0,6.1244386519066,1139800.0
4881,2002-08-06,7.54,7.74,7.31,7.31,585000.0,6.1160719324368,585000.0
4882,2002-08-07,7.55,7.58,7.0,7.3,1790900.0,6.107705212967,1790900.0
4883,2002-08-08,7.4,7.73,7.25,7.73,717500.0,6.4674741501692,717500.0
4884,2002-08-09,7.73,7.74,7.4,7.57,694300.0,6.3336066386521,694300.0
4885,2002-08-12,7.47,7.5,5.92,6.31,1900100.0,5.279399985455,1900100.0
4886,2002-08-13,6.38,6.45,5.79,5.8,2111200.0,4.8526972924943,2111200.0
4887,2002-08-14,5.81,5.85,5.6,5.7,1053500.0,4.7690300977962,1053500.0
4888,2002-08-15,5.75,5.98,5.05,5.09,1129000.0,4.2586602101373,1129000.0
4889,2002-08-16,5.1,5.19,4.28,4.88,2533000.0,4.0829591012711,2533000.0
4890,2002-08-19,5.3,5.58,5.2,5.48,1410500.0,4.5849622694602,1410500.0
4891,2002-08-20,5.5,5.78,5.26,5.29,817800.0,4.4259945995336,817800.0
4892,2002-08-21,5.39,5.5,5.0,5.32,1051200.0,4.4510947579431,1051200.0
4893,2002-08-22,5.55,6.29,5.46,6.25,1248900.0,5.2291996686361,1248900.0
4894,2002-08-23,6.1,6.15,5.81,5.84,909200.0,4.8861641703736,909200.0
4895,2002-08-26,5.88,5.94,5.6,5.85,763000.0,4.8945308898434,763000.0
4896,2002-08-27,6.0,6.08,5.51,5.59,595500.0,4.676996183628201,595500.0
4897,2002-08-28,5.56,5.56,5.35,5.38,569400.0,4.501295074762,569400.0
4898,2002-08-29,5.28,5.59,5.23,5.45,1245500.0,4.5598621110507,1245500.0
4899,2002-08-30,5.45,5.7,5.42,5.7,827800.0,4.7690300977962,827800.0
4900,2002-09-03,5.64,5.64,5.13,5.42,1218100.0,4.5347619526413,1218100.0
4901,2002-09-04,5.33,5.6,5.28,5.6,741400.0,4.685362903098,741400.0
4902,2002-09-05,5.57,5.6,5.15,5.3,1042500.0,4.4343613190034015,1042500.0
4903,2002-09-06,5.34,5.55,5.34,5.52,701000.0,4.618429147339401,701000.0
4904,2002-09-09,5.42,5.6,5.28,5.5,1905400.0,4.6016957083998005,1905400.0
4905,2002-09-10,5.52,5.65,5.48,5.6,775800.0,4.685362903098,775800.0
4906,2002-09-11,5.73,5.75,5.65,5.66,261900.0,4.7355632199169015,261900.0
4907,2002-09-12,5.66,5.67,5.37,5.5,513700.0,4.6016957083998005,513700.0
4908,2002-09-13,5.5,5.5,5.3,5.35,510200.0,4.4761949163525,510200.0
4909,2002-09-16,5.34,5.4,5.17,5.4,445400.0,4.5180285137016,445400.0
4910,2002-09-17,5.6,5.66,5.15,5.2,1205500.0,4.350694124305299,1205500.0
4911,2002-09-18,5.18,5.32,4.9,4.96,697700.0,4.1498928570296005,697700.0
4912,2002-09-19,4.96,5.05,4.71,5.0,594300.0,4.183359734908899,594300.0
4913,2002-09-20,5.0,5.34,4.84,5.27,1030200.0,4.409261160594,1030200.0
4914,2002-09-23,5.27,5.32,5.1,5.21,1074000.0,4.3590608437751,1074000.0
4915,2002-09-24,5.05,5.18,4.84,5.15,650300.0,4.3088605269562,650300.0
4916,2002-09-25,5.15,5.59,5.15,5.38,800400.0,4.501295074762,800400.0
4917,2002-09-26,5.39,5.65,5.2,5.5,1488100.0,4.6016957083998005,1488100.0
4918,2002-09-27,5.53,5.6,5.4,5.5,586900.0,4.6016957083998005,586900.0
4919,2002-09-30,5.5,5.5,5.16,5.45,656100.0,4.5598621110507,656100.0
4920,2002-10-01,5.6,5.64,5.2,5.45,374900.0,4.5598621110507,374900.0
4921,2002-10-02,5.4,5.73,5.37,5.58,1282900.0,4.6686294641583,1282900.0
4922,2002-10-03,5.6,6.0,5.6,5.73,995700.0,4.7941302562056,995700.0
4923,2002-10-04,5.68,5.69,5.26,5.48,728600.0,4.5849622694602,728600.0
4924,2002-10-07,5.48,5.55,5.37,5.44,407700.0,4.5514953915809,407700.0
4925,2002-10-08,5.44,5.51,5.3,5.33,575200.0,4.4594614774129,575200.0
4926,2002-10-09,5.28,5.34,5.0,5.01,603600.0,4.1917264543787,603600.0
4927,2002-10-10,4.97,5.11,4.4,4.46,1701500.0,3.7315568835387,1701500.0
4928,2002-10-11,4.5,4.78,4.43,4.7,1197900.0,3.9323581508144,1197900.0
4929,2002-10-14,4.69,4.69,4.5,4.6,310100.0,3.8486909561162,310100.0
4930,2002-10-15,4.83,4.84,4.54,4.8,1067000.0,4.0160253455126,1067000.0
4931,2002-10-16,4.68,4.72,4.51,4.51,269200.0,3.8319575171766,269200.0
4932,2002-10-17,4.82,4.83,4.37,4.37,484200.0,3.7130053991267,484200.0
4933,2002-10-18,4.39,4.65,4.33,4.65,867500.0,3.9509096352264,867500.0
4934,2002-10-21,4.62,4.78,4.52,4.76,365200.0,4.0443720136941,365200.0
4935,2002-10-22,4.73,4.73,4.38,4.45,887600.0,3.7809780380123,887600.0
4936,2002-10-23,4.48,4.65,4.41,4.65,637700.0,3.9509096352264,637700.0
4937,2002-10-24,4.73,5.07,4.71,4.85,932600.0,4.1208412324404,932600.0
4938,2002-10-25,4.78,5.11,4.75,5.0,810100.0,4.248289930351,810100.0
4939,2002-10-28,5.17,5.48,5.1,5.24,759000.0,4.4522078470078,759000.0
4940,2002-10-29,5.4,6.3,5.4,6.3,2169600.0,5.3528453122422,2169600.0
4941,2002-10-30,6.3,6.6,6.07,6.5,1185600.0,5.5227769094562005,1185600.0
4942,2002-10-31,6.5,7.14,6.5,6.96,2280600.0,5.9136195830485,2280600.0
4943,2002-11-01,6.97,7.4,6.65,7.3,2100400.0,6.2025032983124015,2100400.0
4944,2002-11-04,8.0,8.0,7.25,7.3,1994000.0,6.2025032983124015,1994000.0
4945,2002-11-05,7.38,7.43,7.1,7.33,744600.0,6.2279930378945005,744600.0
4946,2002-11-06,7.5,7.69,7.42,7.5,958800.0,6.372434895526401,958800.0
4947,2002-11-07,7.32,7.66,7.25,7.45,804700.0,6.3299519962229,804700.0
4948,2002-11-08,7.6,7.83,7.5,7.58,1334500.0,6.440407534412,1334500.0
4949,2002-11-11,7.53,7.53,7.1,7.12,533300.0,6.0495648608198,533300.0
4950,2002-11-12,7.25,7.38,7.18,7.22,1499100.0,6.1345306594268,1499100.0
4951,2002-11-13,7.2,7.61,6.75,7.35,2077300.0,6.2449861976159005,2077300.0
4952,2002-11-14,7.5,7.7,7.42,7.56,994900.0,6.4234143746906,994900.0
4953,2002-11-15,7.53,7.6,7.42,7.55,721900.0,6.4149177948299005,721900.0
4954,2002-11-18,7.75,7.95,7.44,7.53,599400.0,6.3979246351085,599400.0
4955,2002-11-19,7.5,7.93,7.25,7.6,977700.0,6.4574006941335,977700.0
4956,2002-11-20,7.65,7.93,7.53,7.78,680000.0,6.610339131626098,680000.0
4957,2002-11-21,7.95,8.48,7.95,8.45,1269500.0,7.179609982293099,1269500.0
4958,2002-11-22,8.45,8.58,8.41,8.5,805400.0,7.2220928815966,805400.0
4959,2002-11-25,8.6,8.91,8.55,8.9,1075500.0,7.5619560760247015,1075500.0
4960,2002-11-26,8.85,8.95,8.5,8.58,767400.0,7.290065520482202,767400.0
4961,2002-11-27,8.58,8.9,8.58,8.66,788100.0,7.3580381593679,788100.0
4962,2002-11-29,8.5,8.79,8.41,8.56,1771400.0,7.2730723607608,1771400.0
4963,2002-12-02,8.88,8.99,8.58,8.84,967700.0,7.510976596860501,967700.0
4964,2002-12-03,8.75,8.78,8.39,8.7,800400.0,7.3920244788107015,800400.0
4965,2002-12-04,8.45,8.5,8.13,8.33,993000.0,7.077651023964701,993000.0
4966,2002-12-05,8.33,8.45,8.11,8.24,844800.0,7.001181805218401,844800.0
4967,2002-12-06,7.95,8.33,7.91,8.2,703900.0,6.9671954857756,703900.0
4968,2002-12-09,8.15,8.15,7.67,8.0,1097600.0,6.7972638885615,1097600.0
4969,2002-12-10,8.0,8.27,7.85,8.2,624600.0,6.9671954857756,624600.0
4970,2002-12-11,8.25,8.65,8.11,8.6,1073600.0,7.3070586802036,1073600.0
4971,2002-12-12,8.5,8.58,8.4,8.54,1113100.0,7.2560792010394,1113100.0
4972,2002-12-13,8.44,8.45,8.13,8.24,664900.0,7.001181805218401,664900.0
4973,2002-12-16,8.25,8.27,8.1,8.2,634000.0,6.9671954857756,634000.0
4974,2002-12-17,8.3,8.36,8.23,8.27,422500.0,7.026671544800498,422500.0
4975,2002-12-18,8.2,8.48,8.1,8.32,975800.0,7.069154444104,975800.0
4976,2002-12-19,8.25,8.35,7.9,7.92,873200.0,6.729291249675901,873200.0
4977,2002-12-20,7.93,8.17,7.7,7.8,1225900.0,6.6273322913475,1225900.0
4978,2002-12-23,7.8,8.0,7.75,7.97,878400.0,6.7717741489794,878400.0
4979,2002-12-24,7.8,7.9,7.69,7.78,228200.0,6.610339131626098,228200.0
4980,2002-12-26,7.7,7.98,7.67,7.89,665400.0,6.7038015100938,665400.0
4981,2002-12-27,8.25,8.25,7.86,8.05,434600.0,6.839746787865,434600.0
4982,2002-12-30,8.15,8.2,7.88,8.0,756800.0,6.7972638885615,756800.0
4983,2002-12-31,7.9,8.35,7.85,8.25,982900.0,7.0096783850791,982900.0
4984,2003-01-02,8.35,8.83,8.12,8.83,646300.0,7.5024800169998,646300.0
4985,2003-01-03,8.83,8.88,8.5,8.53,788200.0,7.2475826211787,788200.0
4986,2003-01-06,8.43,9.0,8.42,8.88,761000.0,7.5449629163033,761000.0
4987,2003-01-07,8.89,9.06,8.6,8.6,654400.0,7.3070586802036,654400.0
4988,2003-01-08,8.6,8.6,8.3,8.33,706800.0,7.077651023964701,706800.0
4989,2003-01-09,8.43,8.7,8.43,8.5,828900.0,7.2220928815966,828900.0
4990,2003-01-10,8.41,8.7,8.19,8.66,693500.0,7.3580381593679,693500.0
4991,2003-01-13,8.71,8.86,8.6,8.66,873500.0,7.3580381593679,873500.0
4992,2003-01-14,8.67,9.12,8.67,9.12,767400.0,7.7488808329601,767400.0
4993,2003-01-15,9.15,9.18,8.6,8.66,571100.0,7.4175142183928,571100.0
4994,2003-01-16,8.73,8.88,8.61,8.76,505400.0,7.5031668075197,505400.0
4995,2003-01-17,8.76,8.76,8.37,8.47,711800.0,7.2547742990516,711800.0
4996,2003-01-21,8.45,8.55,8.15,8.2,468100.0,7.0235123084089,468100.0
4997,2003-01-22,8.2,8.29,8.03,8.12,330500.0,6.9549902371073,330500.0
4998,2003-01-23,8.04,8.3,8.04,8.25,450600.0,7.0663386029723,450600.0
4999,2003-01-24,8.15,8.25,8.01,8.17,652800.0,6.997816531670799,652800.0
5000,2003-01-27,7.9,7.91,7.55,7.9,1574500.0,6.766554541028,1574500.0
5001,2003-01-28,8.15,8.19,7.92,8.0,1143300.0,6.852207130155,1143300.0
5002,2003-01-29,7.95,8.05,7.72,7.98,592500.0,6.8350766123296,592500.0
5003,2003-01-30,8.05,8.12,7.82,7.97,446600.0,6.826511353416902,446600.0
5004,2003-01-31,7.9,7.97,7.69,7.8,663000.0,6.6809019519011,663000.0
5005,2003-02-03,7.9,7.97,7.57,7.6,665000.0,6.5095967736472,665000.0
5006,2003-02-04,7.45,7.6,7.22,7.54,1204400.0,6.4582052201711,1204400.0
5007,2003-02-05,7.48,7.76,7.44,7.76,600300.0,6.646640916250299,600300.0
5008,2003-02-06,7.76,7.83,7.33,7.72,768500.0,6.6123798805996,768500.0
5009,2003-02-07,7.72,7.8,7.5,7.61,430600.0,6.5181620325599,430600.0
5010,2003-02-10,7.61,7.61,7.33,7.41,913200.0,6.3468568543061,913200.0
5011,2003-02-11,7.5,7.59,7.3,7.48,1209400.0,6.4068136666949,1209400.0
5012,2003-02-12,7.42,7.5,7.38,7.47,291100.0,6.3982484077822015,291100.0
5013,2003-02-13,7.37,7.65,7.23,7.64,429100.0,6.543857809298,429100.0
5014,2003-02-14,7.68,7.78,7.28,7.5,686000.0,6.423944184520298,686000.0
5015,2003-02-18,7.63,7.8,7.46,7.8,656500.0,6.6809019519011,656500.0
5016,2003-02-19,7.8,7.88,7.77,7.8,860600.0,6.6809019519011,860600.0
5017,2003-02-20,7.81,7.99,7.75,7.86,605400.0,6.7322935053772985,605400.0
5018,2003-02-21,7.96,8.08,7.86,8.08,592500.0,6.9207292014565,592500.0
5019,2003-02-24,8.05,8.05,7.8,7.94,335300.0,6.800815576678799,335300.0
5020,2003-02-25,7.84,7.94,7.77,7.94,486400.0,6.800815576678799,486400.0
5021,2003-02-26,7.94,7.99,7.85,7.98,523000.0,6.8350766123296,523000.0
5022,2003-02-27,7.98,8.37,7.92,8.35,1427300.0,7.1519911920993,1427300.0
5023,2003-02-28,8.35,8.53,8.35,8.48,848200.0,7.2633395579643,848200.0
5024,2003-03-03,8.5,8.6,8.17,8.19,1055000.0,7.0149470494962,1055000.0
5025,2003-03-04,8.15,8.23,8.11,8.16,1014700.0,6.9892512727581,1014700.0
5026,2003-03-05,8.17,8.27,8.16,8.27,560200.0,7.0834691207977,560200.0
5027,2003-03-06,8.26,8.26,8.13,8.17,578200.0,6.997816531670799,578200.0
5028,2003-03-07,8.17,8.26,8.0,8.22,650900.0,7.0406428262342,650900.0
5029,2003-03-10,8.19,8.19,7.98,8.04,411500.0,6.8864681658058,411500.0
5030,2003-03-11,8.01,8.14,7.92,7.99,476000.0,6.8436418712423,476000.0
5031,2003-03-12,8.0,8.06,7.79,8.04,415300.0,6.8864681658058,415300.0
5032,2003-03-13,8.0,8.28,8.0,8.28,453700.0,7.0920343797104,453700.0
5033,2003-03-14,8.38,8.52,8.25,8.32,434300.0,7.1262954153612,434300.0
5034,2003-03-17,8.32,8.85,8.15,8.7,483000.0,7.4517752540435005,483000.0
5035,2003-03-18,8.71,8.95,8.65,8.65,542800.0,7.4089489594800995,542800.0
5036,2003-03-19,8.66,8.84,8.4,8.8,585100.0,7.5374278431705,585100.0
5037,2003-03-20,8.7,8.99,8.58,8.58,388700.0,7.3489921470912,388700.0
5038,2003-03-21,8.7,8.92,8.6,8.9,1428000.0,7.6230804322974,1428000.0
5039,2003-03-24,8.89,8.89,8.52,8.71,828100.0,7.4603405129562,828100.0
5040,2003-03-25,8.7,9.23,8.65,9.04,1294800.0,7.7429940570751,1294800.0
5041,2003-03-26,9.08,9.18,8.8,8.95,1186000.0,7.6659067268609,1186000.0
5042,2003-03-27,8.9,9.13,8.7,9.04,771800.0,7.7429940570751,771800.0
5043,2003-03-28,9.04,9.21,8.9,9.21,754300.0,7.888603458590901,754300.0
5044,2003-03-31,9.05,9.05,8.85,8.89,343000.0,7.6145151733846985,343000.0
5045,2003-04-01,8.9,9.01,8.77,9.01,831200.0,7.717298280337,831200.0
5046,2003-04-02,9.11,9.35,9.11,9.29,685800.0,7.957125529892499,685800.0
5047,2003-04-03,9.35,9.65,9.22,9.5,1309600.0,8.136995967058999,1309600.0
5048,2003-04-04,9.44,9.44,9.01,9.01,1292300.0,7.717298280337,1292300.0
5049,2003-04-07,9.2,9.4,9.05,9.08,792600.0,7.7772550927259,792600.0
5050,2003-04-08,9.12,9.14,8.96,9.0,665800.0,7.7087330214244,665800.0
5051,2003-04-09,8.9,9.1,8.9,8.9,507400.0,7.6230804322974,507400.0
5052,2003-04-10,8.9,8.9,8.79,8.81,485200.0,7.5459931020832,485200.0
5053,2003-04-11,8.91,9.2,8.82,8.85,467600.0,7.580254137733902,467600.0
5054,2003-04-14,8.85,9.06,8.83,8.9,571100.0,7.6230804322974,571100.0
5055,2003-04-15,8.8,9.13,8.75,9.0,819600.0,7.7686898338132,819600.0
5056,2003-04-16,9.05,9.06,8.87,8.9,347500.0,7.682371057882,347500.0
5057,2003-04-17,8.85,9.1,8.85,9.1,757200.0,7.8550086097445,757200.0
5058,2003-04-21,9.1,9.36,9.1,9.19,1689200.0,7.9326955080826,1689200.0
5059,2003-04-22,9.25,9.77,9.15,9.77,1758900.0,8.433344408483899,1758900.0
5060,2003-04-23,9.8,10.08,9.68,9.85,799400.0,8.5023994292289,799400.0
5061,2003-04-24,9.5,9.53,9.09,9.16,891500.0,7.9067998753032,891500.0
5062,2003-04-25,9.06,9.4,9.0,9.4,770600.0,8.113964937538201,770600.0
5063,2003-04-28,9.44,9.8,9.28,9.8,1453200.0,8.4592400412633,1453200.0
5064,2003-04-29,9.78,10.05,9.78,10.05,1339100.0,8.6750369810914,1339100.0
5065,2003-04-30,9.99,10.06,9.84,9.92,1557800.0,8.562822572380801,1557800.0
5066,2003-05-01,9.94,10.2,9.74,10.2,915300.0,8.8045151449883,915300.0
5067,2003-05-02,10.2,10.69,10.15,10.39,781500.0,8.9685208192577,781500.0
5068,2003-05-05,10.49,10.81,10.25,10.75,1879100.0,9.2792684126102,1879100.0
5069,2003-05-06,10.8,11.4,10.8,11.18,1089600.0,9.650439149114598,1089600.0
5070,2003-05-07,11.08,11.08,10.8,10.82,897600.0,9.3396915557621,897600.0
5071,2003-05-08,10.75,10.93,10.7,10.72,500400.0,9.2533727798308,500400.0
5072,2003-05-09,10.72,11.21,10.71,11.09,801500.0,9.5727522507765,801500.0
5073,2003-05-12,11.12,11.43,11.01,11.43,1001800.0,9.8662360889428,1001800.0
5074,2003-05-13,11.2,11.25,10.9,11.02,831800.0,9.5123291076246,831800.0
5075,2003-05-14,11.25,11.7,11.25,11.66,1100000.0,10.064769273585,1100000.0
5076,2003-05-15,12.0,12.0,11.57,11.86,1322000.0,10.237406825447,1322000.0
5077,2003-05-16,11.88,12.1,11.39,12.1,717300.0,10.444571887682,717300.0
5078,2003-05-19,12.0,12.0,11.08,11.14,939100.0,9.6159116387421,939100.0
5079,2003-05-20,11.5,11.75,11.04,11.17,1069300.0,9.6418072715215,1069300.0
5080,2003-05-21,11.15,11.47,11.06,11.43,585100.0,9.8662360889428,585100.0
5081,2003-05-22,11.44,11.92,11.42,11.8,817800.0,10.185615559888001,817800.0
5082,2003-05-23,11.8,12.11,11.75,12.04,942500.0,10.392780622122999,942500.0
5083,2003-05-27,12.05,12.54,11.9,12.5,1328700.0,10.789846991407002,1328700.0
5084,2003-05-28,12.55,12.8,12.49,12.65,1168200.0,10.919325155304,1168200.0
5085,2003-05-29,12.6,12.93,12.6,12.8,776600.0,11.048803319201,776600.0
5086,2003-05-30,12.78,13.0,12.71,12.79,676300.0,11.040171441607999,676300.0
5087,2003-06-02,12.79,13.19,12.7,12.82,602800.0,11.066067074387,602800.0
5088,2003-06-03,12.85,12.95,12.71,12.78,755800.0,11.031539564015,755800.0
5089,2003-06-04,12.78,13.49,12.7,13.47,468700.0,11.627139117939999,468700.0
5090,2003-06-05,13.46,13.8,13.2,13.72,464500.0,11.842936057769,464500.0
5091,2003-06-06,13.7,13.99,13.59,13.8,999400.0,11.911991078514,999400.0
5092,2003-06-09,13.75,13.85,12.85,12.98,781100.0,11.204177115876998,781100.0
5093,2003-06-10,12.99,13.6,12.99,13.29,742500.0,11.471765321264,742500.0
5094,2003-06-11,13.35,13.76,13.1,13.7,608000.0,11.825672302582,608000.0
5095,2003-06-12,13.79,13.8,13.21,13.25,952400.0,11.437237810892,952400.0
5096,2003-06-13,13.4,13.65,12.99,13.21,731300.0,11.402710300518999,731300.0
5097,2003-06-16,13.31,13.71,13.31,13.5,1227400.0,11.65303475072,1227400.0
5098,2003-06-17,13.5,13.8,13.45,13.72,798900.0,11.842936057769,798900.0
5099,2003-06-18,13.73,14.06,13.5,13.99,1157200.0,12.075996752783,1157200.0
5100,2003-06-19,14.2,14.33,13.94,13.96,1072500.0,12.050101120004001,1072500.0
5101,2003-06-20,14.0,14.0,13.8,13.86,819900.0,11.963782344072001,819900.0
5102,2003-06-23,13.76,13.76,13.07,13.37,543600.0,11.540820342009,543600.0
5103,2003-06-24,13.37,13.52,13.15,13.42,538900.0,11.583979729974999,538900.0
5104,2003-06-25,13.43,13.52,13.31,13.45,423200.0,11.609875362754,423200.0
5105,2003-06-26,13.4,13.5,13.25,13.45,364200.0,11.609875362754,364200.0
5106,2003-06-27,13.5,14.0,13.5,13.85,790100.0,11.955150466479001,790100.0
5107,2003-06-30,13.84,14.09,13.6,13.81,997700.0,11.920622956107,997700.0
5108,2003-07-01,13.75,13.75,13.33,13.69,734900.0,11.817040424988999,734900.0
5109,2003-07-02,13.79,14.1,13.73,14.0,1083000.0,12.084628630376,1083000.0
5110,2003-07-03,14.0,14.01,13.85,13.96,438200.0,12.050101120004001,438200.0
5111,2003-07-07,14.03,14.15,14.0,14.1,1166700.0,12.170947406307,1166700.0
5112,2003-07-08,14.1,14.11,13.98,14.0,1927900.0,12.084628630376,1927900.0
5113,2003-07-09,14.07,14.49,13.9,14.4,1448500.0,12.429903734101,1448500.0
5114,2003-07-10,14.4,14.4,13.91,14.0,696800.0,12.084628630376,696800.0
5115,2003-07-11,14.1,14.25,14.1,14.2,1502100.0,12.257266182239,1502100.0
5116,2003-07-14,14.3,14.97,14.3,14.72,631700.0,12.706123817081,631700.0
5117,2003-07-15,14.82,14.95,14.54,14.76,579400.0,12.740651327454,579400.0
5118,2003-07-16,14.68,14.9,14.04,14.4,665400.0,12.490326877253,665400.0
5119,2003-07-17,14.3,14.3,13.7,14.0,671000.0,12.143373352885,671000.0
5120,2003-07-18,13.9,14.48,13.71,14.32,873100.0,12.420936172379001,873100.0
5121,2003-07-21,14.35,14.35,13.8,13.97,485800.0,12.117351838557001,485800.0
5122,2003-07-22,14.0,14.38,13.43,14.27,565200.0,12.377566981833,565200.0
5123,2003-07-23,13.5,13.89,12.45,13.65,1925100.0,11.839789019063003,1925100.0
5124,2003-07-24,14.25,14.89,14.11,14.33,957800.0,12.429610010488998,957800.0
5125,2003-07-25,14.43,14.75,13.95,14.65,812700.0,12.707172829983001,812700.0
5126,2003-07-28,14.75,14.99,14.55,14.85,458600.0,12.880649592167,458600.0
5127,2003-07-29,14.9,14.9,14.3,14.55,494100.0,12.620434448891,494100.0
5128,2003-07-30,14.85,15.32,14.79,15.14,949900.0,13.132190897334,949900.0
5129,2003-07-31,15.2,15.24,14.7,14.86,636600.0,12.889323430276,636600.0
5130,2003-08-01,14.76,15.19,14.65,15.03,424300.0,13.036778678132999,424300.0
5131,2003-08-04,14.93,15.13,14.35,14.9,541500.0,12.924018782713,541500.0
5132,2003-08-05,15.0,15.15,14.8,15.01,652100.0,13.019431001914,652100.0
5133,2003-08-06,15.01,15.01,13.96,14.04,1126800.0,12.178068705322001,1126800.0
5134,2003-08-07,14.2,14.44,14.16,14.25,600100.0,12.360219305615,600100.0
5135,2003-08-08,14.35,14.68,14.05,14.16,705900.0,12.282154762632,705900.0
5136,2003-08-11,14.21,14.45,14.2,14.36,514800.0,12.455631524816,514800.0
5137,2003-08-12,14.37,14.71,14.31,14.7,532600.0,12.750542020529,532600.0
5138,2003-08-13,14.9,15.4,14.88,15.23,534000.0,13.210255440316999,534000.0
5139,2003-08-14,15.23,15.24,14.92,15.14,487000.0,13.132190897334,487000.0
5140,2003-08-15,15.3,15.65,15.14,15.35,227400.0,13.314341497627002,227400.0
5141,2003-08-18,15.35,15.69,15.32,15.55,836100.0,13.487818259811,836100.0
5142,2003-08-19,15.59,16.07,15.56,16.0,1055500.0,13.878140974726,1055500.0
5143,2003-08-20,15.9,16.43,15.9,15.99,895900.0,13.869467136616,895900.0
5144,2003-08-21,16.2,16.34,15.87,15.98,629900.0,13.860793298507,629900.0
5145,2003-08-22,16.02,16.22,15.5,15.6,683300.0,13.531187450357,683300.0
5146,2003-08-25,15.65,15.81,15.42,15.54,514700.0,13.479144421702001,514700.0
5147,2003-08-26,15.54,15.68,15.16,15.62,537400.0,13.548535126575999,537400.0
5148,2003-08-27,15.32,15.73,15.29,15.45,653500.0,13.401079878719,653500.0
5149,2003-08-28,15.5,15.58,15.23,15.32,925900.0,13.2883199833,925900.0
5150,2003-08-29,15.4,16.54,15.36,16.54,930000.0,14.346528232623001,930000.0
5151,2003-09-02,16.6,16.6,16.3,16.43,586600.0,14.251116013420999,586600.0
5152,2003-09-03,16.45,16.48,16.13,16.25,420200.0,14.094986927456,420200.0
5153,2003-09-04,16.25,17.2,16.2,16.86,891100.0,14.624091052117,891100.0
5154,2003-09-05,16.8,16.99,16.62,16.92,589300.0,14.676134080772,589300.0
5155,2003-09-08,16.92,17.0,16.6,16.69,601500.0,14.476635804261,601500.0
5156,2003-09-09,16.75,16.78,16.27,16.41,695000.0,14.233768337203,695000.0
5157,2003-09-10,16.16,16.2,15.69,15.73,633600.0,13.643947345776999,633600.0
5158,2003-09-11,15.98,16.17,15.61,15.7,598600.0,13.617925831449002,598600.0
5159,2003-09-12,15.55,15.85,15.22,15.7,940600.0,13.617925831449002,940600.0
5160,2003-09-15,15.8,16.1,15.72,16.05,781200.0,13.921510165272,781200.0
5161,2003-09-16,16.0,16.5,16.0,16.45,447100.0,14.268463689639999,447100.0
5162,2003-09-17,16.5,16.68,16.32,16.63,409700.0,14.424592775605,409700.0
5163,2003-09-18,16.6,17.0,16.6,16.89,1110300.0,14.650112566445,1110300.0
5164,2003-09-19,17.0,17.09,16.83,16.93,648000.0,14.684807918880999,648000.0
5165,2003-09-22,16.3,16.89,16.3,16.5,393000.0,14.311832880186,393000.0
5166,2003-09-23,16.7,17.07,16.7,17.05,665800.0,14.788893976192,665800.0
5167,2003-09-24,16.95,17.0,16.26,16.26,571100.0,14.103660765565,571100.0
5168,2003-09-25,16.36,16.58,16.05,16.12,372500.0,13.982227032035999,372500.0
5169,2003-09-26,16.01,16.2,15.44,15.46,531900.0,13.409753716829,531900.0
5170,2003-09-29,15.5,16.0,15.5,15.92,730400.0,13.808750269852,730400.0
5171,2003-09-30,15.75,15.75,15.05,15.31,756100.0,13.279646145191,756100.0
5172,2003-10-01,15.31,16.11,15.3,16.11,652600.0,13.973553193927,652600.0
5173,2003-10-02,16.15,16.27,15.98,16.11,489200.0,13.973553193927,489200.0
5174,2003-10-03,16.31,16.77,16.3,16.48,701300.0,14.294485203967,701300.0
5175,2003-10-06,16.42,16.55,16.2,16.5,517300.0,14.311832880186,517300.0
5176,2003-10-07,16.5,16.58,16.23,16.43,465200.0,14.251116013420999,465200.0
5177,2003-10-08,16.5,16.64,16.3,16.52,779100.0,14.329180556404,779100.0
5178,2003-10-09,16.55,17.05,16.52,16.92,1623900.0,14.676134080772,1623900.0
5179,2003-10-10,17.15,17.38,17.06,17.19,832300.0,14.910327709721,832300.0
5180,2003-10-13,17.3,17.55,17.19,17.43,538600.0,15.118499824342,538600.0
5181,2003-10-14,17.33,17.6,17.25,17.41,511900.0,15.101152148122999,511900.0
5182,2003-10-15,17.5,17.62,16.92,16.98,752700.0,14.788893976192,752700.0
5183,2003-10-16,16.97,17.25,16.84,17.2,677200.0,14.98050508778,677200.0
5184,2003-10-17,17.2,17.2,16.61,16.66,630600.0,14.510186904791,630600.0
5185,2003-10-20,16.65,16.88,16.56,16.85,624400.0,14.675669228434998,624400.0
5186,2003-10-21,16.73,16.9,16.66,16.77,424100.0,14.605992460585,424100.0
5187,2003-10-22,16.65,16.67,16.2,16.25,611700.0,14.153093469559,611700.0
5188,2003-10-23,16.4,17.33,16.2,17.07,1159200.0,14.867280340023001,1159200.0
5189,2003-10-24,17.0,17.27,16.98,17.21,933300.0,14.989214683761,933300.0
5190,2003-10-27,17.22,17.79,17.2,17.74,826000.0,15.450823270768002,826000.0
5191,2003-10-28,17.79,18.33,17.78,18.25,828300.0,15.895012665813,828300.0
5192,2003-10-29,18.05,18.24,17.94,18.0,727100.0,15.677272766281,727100.0
5193,2003-10-30,18.0,18.2,17.88,18.08,824600.0,15.746949534131,824600.0
5194,2003-10-31,18.12,18.24,17.9,18.01,600400.0,15.685982362262001,600400.0
5195,2003-11-03,18.05,18.47,18.05,18.3,503500.0,15.938560645718999,503500.0
5196,2003-11-04,18.4,18.71,18.2,18.67,546000.0,16.260815697026,546000.0
5197,2003-11-05,18.55,18.67,17.9,18.3,635500.0,15.938560645718999,635500.0
5198,2003-11-06,18.22,18.23,17.83,18.07,933500.0,15.73823993815,933500.0
5199,2003-11-07,18.05,18.17,17.8,17.8,487900.0,15.503080846656001,487900.0
5200,2003-11-10,17.86,17.94,17.12,17.18,983300.0,14.963085895817,983300.0
5201,2003-11-11,17.18,17.25,16.92,17.07,712200.0,14.867280340023001,712200.0
5202,2003-11-12,17.07,17.49,16.96,17.11,1727100.0,14.902118723948,1727100.0
5203,2003-11-13,17.2,17.46,16.98,17.28,1155700.0,15.050181855629999,1155700.0
5204,2003-11-14,17.31,17.58,16.81,16.85,621800.0,14.675669228434998,621800.0
5205,2003-11-17,17.1,17.1,15.5,15.98,1242400.0,13.917934378065,1242400.0
5206,2003-11-18,16.08,16.28,15.79,15.83,1571400.0,13.787290438346,1571400.0
5207,2003-11-19,15.95,16.14,15.9,15.95,820400.0,13.891805590121,820400.0
5208,2003-11-20,15.9,16.12,15.68,15.68,602800.0,13.656646498627,602800.0
5209,2003-11-21,15.85,16.12,15.82,16.01,1204800.0,13.944063166009,1204800.0
5210,2003-11-24,16.1,16.26,16.04,16.24,746600.0,14.144383873578,746600.0
5211,2003-11-25,16.24,16.5,16.21,16.32,566600.0,14.214060641428,566600.0
5212,2003-11-26,16.33,16.9,16.33,16.84,679300.0,14.666959632453999,679300.0
5213,2003-11-28,16.7,16.98,16.63,16.91,227200.0,14.727926804323001,227200.0
5214,2003-12-01,16.66,16.83,16.22,16.33,910400.0,14.222770237410002,910400.0
5215,2003-12-02,16.44,16.71,16.26,16.38,699300.0,14.266318217316,699300.0
5216,2003-12-03,16.35,16.93,16.33,16.72,733700.0,14.562444480679,733700.0
5217,2003-12-04,16.55,16.63,16.17,16.5,427700.0,14.370833369091,427700.0
5218,2003-12-05,16.2,16.35,15.94,16.05,426600.0,13.978901549934001,426600.0
5219,2003-12-08,16.0,16.23,15.8,15.97,388900.0,13.909224782084,388900.0
5220,2003-12-09,16.06,16.32,15.63,15.7,476000.0,13.67406569059,476000.0
5221,2003-12-10,15.65,15.76,15.27,15.41,497000.0,13.421487407133,497000.0
5222,2003-12-11,15.54,16.11,15.49,16.09,312000.0,14.013739933859,312000.0
5223,2003-12-12,16.18,16.3,16.0,16.25,436900.0,14.153093469559,436900.0
5224,2003-12-15,16.45,16.49,15.77,15.81,607800.0,13.769871246384001,607800.0
5225,2003-12-16,16.0,16.4,15.86,16.36,643200.0,14.248899025353,643200.0
5226,2003-12-17,16.11,16.12,15.8,15.92,634000.0,13.865676802178,634000.0
5227,2003-12-18,15.93,16.83,15.92,16.83,722200.0,14.658250036473,722200.0
5228,2003-12-19,16.9,16.9,16.52,16.74,768800.0,14.579863672642,768800.0
5229,2003-12-22,16.55,17.03,16.47,16.88,538900.0,14.701798016379001,538900.0
5230,2003-12-23,16.8,17.19,16.8,17.12,557500.0,14.910828319929998,557500.0
5231,2003-12-24,16.92,17.15,16.76,16.99,306900.0,14.797603572173,306900.0
5232,2003-12-26,16.9,17.14,16.79,16.83,100300.0,14.658250036473,100300.0
5233,2003-12-29,16.77,17.19,16.77,16.95,612200.0,14.762765188248,612200.0
5234,2003-12-30,16.9,17.27,16.85,17.22,417500.0,14.997924279742,417500.0
5235,2003-12-31,17.37,17.46,17.07,17.07,427600.0,14.867280340023001,427600.0
5236,2004-01-02,17.25,17.88,17.25,17.55,458700.0,15.285340947124,458700.0
5237,2004-01-05,17.5,17.64,17.3,17.57,626100.0,15.302760139087,626100.0
5238,2004-01-06,17.57,18.27,17.46,18.24,832600.0,15.886303069832001,832600.0
5239,2004-01-07,18.3,18.73,18.25,18.66,1062900.0,16.252106101045,1062900.0
5240,2004-01-08,18.7,18.87,18.38,18.54,759600.0,16.14759094927,759600.0
5241,2004-01-09,18.35,18.4,18.15,18.28,529400.0,15.921141453757,529400.0
5242,2004-01-12,18.28,18.37,18.15,18.32,870000.0,15.955979837682,870000.0
5243,2004-01-13,18.4,18.5,18.0,18.28,635200.0,15.921141453757,635200.0
5244,2004-01-14,18.46,18.61,18.24,18.56,534100.0,16.225977313101,534100.0
5245,2004-01-15,18.5,18.65,18.31,18.5,686700.0,16.173522645063,686700.0
5246,2004-01-16,18.5,19.39,18.49,19.3,909500.0,16.872918218904,909500.0
5247,2004-01-20,19.3,19.55,18.95,19.09,775400.0,16.68932688077,775400.0
5248,2004-01-21,19.1,19.39,18.79,19.18,408100.0,16.768008882827,408100.0
5249,2004-01-22,19.15,19.45,19.15,19.21,607900.0,16.794236216847,607900.0
5250,2004-01-23,19.3,19.4,18.73,18.83,682300.0,16.462023319272,682300.0
5251,2004-01-26,18.85,19.47,18.53,19.45,582000.0,17.004054888999,582000.0
5252,2004-01-27,19.49,20.3,19.38,20.06,1520700.0,17.537344014052,1520700.0
5253,2004-01-28,20.25,21.6,20.15,21.0,3054300.0,18.359133813315,3054300.0
5254,2004-01-29,21.01,21.5,20.36,20.52,2101400.0,17.93949646901,2101400.0
5255,2004-01-30,20.52,20.98,20.24,20.65,922500.0,18.05314824976,922500.0
5256,2004-02-02,20.93,21.37,20.84,21.06,865100.0,18.411588481353,865100.0
5257,2004-02-03,20.75,21.21,20.7,21.0,819500.0,18.359133813315,819500.0
5258,2004-02-04,21.01,21.05,20.29,20.49,651000.0,17.913269134991,651000.0
5259,2004-02-05,20.3,20.61,20.11,20.4,623300.0,17.834587132934,623300.0
5260,2004-02-06,20.55,21.22,20.55,21.22,377300.0,18.551467596121,377300.0
5261,2004-02-09,21.3,22.08,21.22,21.65,728000.0,18.927392717060002,728000.0
5262,2004-02-10,20.9,21.23,20.8,21.19,1347800.0,18.525240262102002,1347800.0
5263,2004-02-11,21.25,21.53,21.16,21.51,848500.0,18.804998491638,848500.0
5264,2004-02-12,21.56,21.74,21.36,21.36,476900.0,18.673861821543,476900.0
5265,2004-02-13,21.26,21.3,20.69,20.89,545800.0,18.262966921912,545800.0
5266,2004-02-17,21.25,21.25,20.93,20.96,691400.0,18.324164034623,691400.0
5267,2004-02-18,21.0,21.14,20.79,20.93,447200.0,18.297936700604,447200.0
5268,2004-02-19,20.95,21.3,20.9,20.9,650400.0,18.271709366585,650400.0
5269,2004-02-20,20.95,20.95,20.27,20.62,447100.0,18.026920915741,447100.0
5270,2004-02-23,20.6,20.61,19.87,20.2,696200.0,17.659738239474002,696200.0
5271,2004-02-24,20.15,20.32,19.78,20.24,760100.0,17.694708018166,760100.0
5272,2004-02-25,20.3,20.91,20.29,20.79,541900.0,18.175542475182,541900.0
5273,2004-02-26,20.8,21.09,20.66,21.09,881100.0,18.437815815371998,881100.0
5274,2004-02-27,21.0,21.19,20.81,20.84,494300.0,18.219254698547,494300.0
5275,2004-03-01,20.83,21.6,20.81,21.54,450000.0,18.831225825657,450000.0
5276,2004-03-02,21.49,21.73,21.41,21.65,442400.0,18.927392717060002,442400.0
5277,2004-03-03,21.6,21.99,21.34,21.74,720600.0,19.006074719117,720600.0
5278,2004-03-04,21.9,21.9,21.42,21.52,604600.0,18.813740936311,604600.0
5279,2004-03-05,21.5,21.84,21.24,21.61,516200.0,18.892422938368,516200.0
5280,2004-03-08,21.56,21.8,20.74,20.77,466400.0,18.158057585836,466400.0
5281,2004-03-09,20.8,20.84,20.15,20.23,690300.0,17.685965573493,690300.0
5282,2004-03-10,20.23,20.29,19.67,19.75,553400.0,17.266328229189,553400.0
5283,2004-03-11,19.41,19.9,19.0,19.2,661300.0,16.785493772174,661300.0
5284,2004-03-12,19.21,19.55,19.2,19.4,709900.0,16.960342665634002,709900.0
5285,2004-03-15,19.41,19.41,17.91,18.5,829600.0,16.173522645063,829600.0
5286,2004-03-16,18.95,19.05,18.15,18.6,511900.0,16.260947091793,511900.0
5287,2004-03-17,18.8,19.81,18.75,19.45,607900.0,17.004054888999,607900.0
5288,2004-03-18,19.25,19.51,18.63,19.15,730400.0,16.741781548808,730400.0
5289,2004-03-19,19.08,19.89,19.07,19.35,714800.0,16.916630442269,714800.0
5290,2004-03-22,19.36,19.46,18.9,19.09,541900.0,16.68932688077,541900.0
5291,2004-03-23,19.34,19.63,19.21,19.38,565800.0,16.942857776287994,565800.0
5292,2004-03-24,19.35,19.63,19.26,19.31,333600.0,16.881660663577,333600.0
5293,2004-03-25,19.33,19.87,19.33,19.85,676600.0,17.353752675919,676600.0
5294,2004-03-26,19.7,20.49,19.7,20.23,683300.0,17.685965573493,683300.0
5295,2004-03-29,20.45,20.88,20.37,20.55,540400.0,17.965723803029,540400.0
5296,2004-03-30,20.51,21.0,20.4,20.72,754600.0,18.114345362471003,754600.0
5297,2004-03-31,20.73,20.82,20.5,20.69,536300.0,18.088118028452,536300.0
5298,2004-04-01,20.61,21.3,20.61,21.1,661300.0,18.446558260045,661300.0
5299,2004-04-02,21.1,21.41,20.95,21.35,528000.0,18.66511937687,528000.0
5300,2004-04-05,21.45,21.65,21.17,21.3,512600.0,18.621407153505,512600.0
5301,2004-04-06,21.3,21.61,21.2,21.33,810100.0,18.647634487523998,810100.0
5302,2004-04-07,21.33,21.86,21.2,21.81,797800.0,19.067271831828002,797800.0
5303,2004-04-08,21.81,22.32,21.81,22.32,830500.0,19.513136510152,830500.0
5304,2004-04-12,22.32,22.59,22.1,22.25,608600.0,19.451939397441002,608600.0
5305,2004-04-13,22.35,22.39,21.69,21.87,801500.0,19.119726499865997,801500.0
5306,2004-04-14,21.77,21.99,21.45,21.55,636700.0,18.83996827033,636700.0
5307,2004-04-15,21.57,22.09,21.33,21.49,479800.0,18.787513602291998,479800.0
5308,2004-04-16,21.6,21.6,20.84,20.85,768800.0,18.22799714322,768800.0
5309,2004-04-19,20.79,21.23,20.78,21.17,504500.0,18.507755372755998,504500.0
5310,2004-04-20,21.17,21.3,20.27,20.31,462100.0,17.755905130877,462100.0
5311,2004-04-21,20.35,20.77,20.33,20.45,595600.0,17.93949646901,595600.0
5312,2004-04-22,20.5,20.91,20.31,20.85,868900.0,18.290391265470003,868900.0
5313,2004-04-23,20.85,21.3,20.16,20.45,800000.0,17.93949646901,800000.0
5314,2004-04-26,20.55,20.65,19.99,20.1,830900.0,17.632463522108,830900.0
5315,2004-04-27,20.31,20.31,19.5,19.65,1853600.0,17.237706876091,1853600.0
5316,2004-04-28,19.62,19.66,18.95,19.1,737000.0,16.755226530957998,737000.0
5317,2004-04-29,19.18,19.54,18.92,19.45,1455200.0,17.062259477860998,1455200.0
5318,2004-04-30,19.44,19.44,19.07,19.25,1094900.0,16.886812079631,1094900.0
5319,2004-05-03,19.22,19.86,19.18,19.86,1113000.0,17.421926644232,1113000.0
5320,2004-05-04,19.8,20.05,19.46,19.74,785800.0,17.316658205294,785800.0
5321,2004-05-05,19.65,19.75,19.29,19.4,954000.0,17.018397628303,954000.0
5322,2004-05-06,19.25,19.48,18.89,19.42,398700.0,17.035942368125998,398700.0
5323,2004-05-07,19.3,19.6,19.18,19.23,840500.0,16.869267339807998,840500.0
5324,2004-05-10,18.5,18.9,17.95,18.25,1051000.0,16.009575088481,1051000.0
5325,2004-05-11,18.48,18.8,18.31,18.59,517300.0,16.307835665472,517300.0
5326,2004-05-12,18.59,18.59,17.9,18.38,664300.0,16.123615897331,664300.0
5327,2004-05-13,18.18,18.56,18.07,18.4,538400.0,16.141160637153998,538400.0
5328,2004-05-14,18.4,18.5,18.01,18.33,430700.0,16.079754047772994,430700.0
5329,2004-05-17,18.0,18.2,17.6,17.82,473400.0,15.632363182287,473400.0
5330,2004-05-18,17.92,18.18,17.88,17.94,420300.0,15.737631621224999,420300.0
5331,2004-05-19,18.19,18.9,18.18,18.27,922200.0,16.027119828304,922200.0
5332,2004-05-20,18.35,18.6,18.18,18.35,619800.0,16.097298787596,619800.0
5333,2004-05-21,18.5,18.58,18.17,18.26,421500.0,16.018347458393,421500.0
5334,2004-05-24,18.5,18.6,18.17,18.49,525600.0,16.220111966357,525600.0
5335,2004-05-25,18.5,19.23,18.34,19.21,765700.0,16.851722599985006,765700.0
5336,2004-05-26,19.21,19.7,19.17,19.7,673900.0,17.281568725648,673900.0
5337,2004-05-27,19.85,19.95,19.38,19.48,555700.0,17.088576587595,555700.0
5338,2004-05-28,19.55,19.62,19.25,19.51,272900.0,17.114893697329993,272900.0
5339,2004-06-01,19.51,19.51,19.07,19.3,647400.0,16.930673929188,647400.0
5340,2004-06-02,19.4,19.4,19.07,19.19,360400.0,16.834177860162,360400.0
5341,2004-06-03,19.5,20.09,19.09,19.86,1449900.0,17.421926644232,1449900.0
5342,2004-06-04,19.87,20.11,19.7,19.75,407700.0,17.325430575206,407700.0
5343,2004-06-07,19.85,20.64,19.85,20.62,505800.0,18.088626757506002,505800.0
5344,2004-06-08,20.63,20.84,20.62,20.81,556600.0,18.255301785824003,556600.0
5345,2004-06-09,20.8,20.8,20.12,20.12,598100.0,17.650008261931,598100.0
5346,2004-06-10,20.18,20.25,19.96,20.08,711000.0,17.614918782285,711000.0
5347,2004-06-14,19.8,19.85,19.56,19.65,513700.0,17.237706876091,513700.0
5348,2004-06-15,19.8,19.9,19.54,19.78,522800.0,17.35174768494,522800.0
5349,2004-06-16,19.78,19.81,19.61,19.71,442000.0,17.29034109556,442000.0
5350,2004-06-17,19.7,19.73,19.3,19.64,793900.0,17.228934506178998,793900.0
5351,2004-06-18,19.6,19.9,19.5,19.5,476700.0,17.106121327418002,476700.0
5352,2004-06-21,19.53,19.68,19.22,19.24,322600.0,16.878039709719,322600.0
5353,2004-06-22,19.3,19.47,19.2,19.42,595700.0,17.035942368125998,595700.0
5354,2004-06-23,19.5,19.95,19.45,19.88,488800.0,17.439471384055,488800.0
5355,2004-06-24,19.85,20.9,19.85,20.29,692500.0,17.799138550426,692500.0
5356,2004-06-25,20.3,20.7,20.3,20.64,630500.0,18.106171497328997,630500.0
5357,2004-06-28,20.67,20.77,19.82,19.94,484500.0,17.492105603524,484500.0
5358,2004-06-29,20.0,20.13,19.9,20.03,768100.0,17.571056932728,768100.0
5359,2004-06-30,20.09,20.3,19.88,20.04,712500.0,17.579829302639002,712500.0
5360,2004-07-01,20.0,20.0,19.25,19.37,726300.0,16.992080518569,726300.0
5361,2004-07-02,19.4,19.4,18.82,19.14,647600.0,16.790316010604,647600.0
5362,2004-07-06,19.14,19.15,18.5,18.54,698000.0,16.263973815915,698000.0
5363,2004-07-07,18.54,18.75,18.39,18.53,952500.0,16.255201446003,952500.0
5364,2004-07-08,18.3,18.37,17.8,17.84,933400.0,15.64990792211,933400.0
5365,2004-07-09,17.95,18.04,17.74,17.78,749900.0,15.597273702641,749900.0
5366,2004-07-12,17.85,17.88,17.02,17.14,1268000.0,15.035842028304998,1268000.0
5367,2004-07-13,17.18,17.38,17.03,17.15,901500.0,15.044614398217002,901500.0
5368,2004-07-14,17.1,17.3,16.87,16.99,701700.0,14.904256479633,701700.0
5369,2004-07-15,17.1,17.39,16.92,17.24,1368000.0,15.12356572742,1368000.0
5370,2004-07-16,17.48,17.49,16.78,16.84,718300.0,14.77267093096,718300.0
5371,2004-07-19,16.97,17.05,16.67,16.9,783700.0,14.825305150429001,783700.0
5372,2004-07-20,16.99,17.37,16.83,17.36,828200.0,15.228834166357998,828200.0
5373,2004-07-21,17.54,17.71,16.51,16.53,529300.0,14.562134053084,529300.0
5374,2004-07-22,16.53,16.88,16.45,16.78,474300.0,14.782372015170006,474300.0
5375,2004-07-23,16.78,16.78,16.32,16.52,628900.0,14.553324534601,628900.0
5376,2004-07-26,16.49,16.51,15.67,15.74,597000.0,13.866182092895,597000.0
5377,2004-07-27,15.7,15.87,15.05,15.76,1573500.0,13.883801129861,1573500.0
5378,2004-07-28,15.8,17.31,15.75,17.14,1503500.0,15.099514680573002,1503500.0
5379,2004-07-29,17.41,17.95,17.0,17.15,1027400.0,15.108324199056003,1027400.0
5380,2004-07-30,17.2,17.58,17.15,17.58,647800.0,15.487133493843,647800.0
5381,2004-08-02,17.4,17.49,17.23,17.4,501400.0,15.328562161140999,501400.0
5382,2004-08-03,17.38,17.38,17.09,17.13,447800.0,15.090705162089,447800.0
5383,2004-08-04,17.13,17.7,16.96,17.66,761300.0,15.55760964171,761300.0
5384,2004-08-05,17.58,17.65,16.92,16.97,645300.0,14.949752866355,645300.0
5385,2004-08-06,16.9,16.95,16.21,16.31,782600.0,14.368324646449,782600.0
5386,2004-08-09,16.26,16.61,16.1,16.31,521300.0,14.368324646449,521300.0
5387,2004-08-10,16.48,17.05,16.44,17.04,538900.0,15.011419495738,538900.0
5388,2004-08-11,16.98,16.98,16.44,16.64,672200.0,14.659038756402,672200.0
5389,2004-08-12,16.65,16.71,16.39,16.42,682600.0,14.465229349767,682600.0
5390,2004-08-13,16.45,16.6,15.98,16.12,528500.0,14.200943795264001,528500.0
5391,2004-08-16,16.13,16.68,16.08,16.62,940900.0,14.641419719435,940900.0
5392,2004-08-17,16.62,17.06,16.62,16.98,394700.0,14.958562384837997,394700.0
5393,2004-08-18,16.85,17.75,16.85,17.74,741900.0,15.628085789577,741900.0
5394,2004-08-19,17.6,17.7,17.39,17.5,516300.0,15.416657345975,516300.0
5395,2004-08-20,17.42,17.97,17.42,17.89,535300.0,15.760228566829,535300.0
5396,2004-08-23,17.85,18.1,17.48,17.65,707400.0,15.548800123227,707400.0
5397,2004-08-24,17.69,17.98,17.68,17.73,477000.0,15.619276271094,477000.0
5398,2004-08-25,17.83,18.1,17.5,18.08,500500.0,15.927609418013999,500500.0
5399,2004-08-26,17.98,18.05,17.66,17.83,422100.0,15.707371455928,422100.0
5400,2004-08-27,17.8,17.96,17.7,17.94,193800.0,15.804276159246,193800.0
5401,2004-08-30,17.71,17.86,17.51,17.55,420600.0,15.460704938392999,420600.0
5402,2004-08-31,17.48,17.61,17.23,17.48,393100.0,15.399038309008999,393100.0
5403,2004-09-01,17.49,17.84,17.43,17.55,293600.0,15.460704938392999,293600.0
5404,2004-09-02,17.55,17.89,17.43,17.89,210100.0,15.760228566829,210100.0
5405,2004-09-03,17.85,17.9,17.43,17.54,325800.0,15.451895419909,325800.0
5406,2004-09-07,17.54,17.69,17.38,17.58,424900.0,15.487133493843,424900.0
5407,2004-09-08,17.58,17.75,17.33,17.38,399500.0,15.310943124173999,399500.0
5408,2004-09-09,17.38,18.14,17.28,18.03,806800.0,15.883561825596,806800.0
5409,2004-09-10,18.03,18.45,17.85,18.43,515400.0,16.235942564933,515400.0
5410,2004-09-13,18.4,18.67,18.18,18.67,658000.0,16.447371008535,658000.0
5411,2004-09-14,18.67,18.88,18.6,18.73,390800.0,16.500228119435,390800.0
5412,2004-09-15,18.74,18.8,18.15,18.17,797500.0,16.006895084364,797500.0
5413,2004-09-16,18.2,18.41,18.09,18.13,406100.0,15.971657010431,406100.0
5414,2004-09-17,18.05,18.42,18.0,18.24,714700.0,16.068561713748,714700.0
5415,2004-09-20,18.25,18.25,17.83,17.88,784500.0,15.751419048345001,784500.0
5416,2004-09-21,17.95,18.17,17.83,18.03,948400.0,15.883561825596,948400.0
5417,2004-09-22,18.01,18.06,17.33,17.35,766100.0,15.284514568724001,766100.0
5418,2004-09-23,17.43,17.48,17.18,17.19,698200.0,15.14356227299,698200.0
5419,2004-09-24,17.19,17.3,16.87,16.89,1032800.0,14.879276718487,1032800.0
5420,2004-09-27,16.9,16.96,16.7,16.82,1031500.0,14.817610089103,1031500.0
5421,2004-09-28,16.75,17.06,16.7,17.06,1260900.0,15.029038532705,1260900.0
5422,2004-09-29,16.86,17.28,16.86,17.22,689300.0,15.169990828439998,689300.0
5423,2004-09-30,17.05,17.33,17.05,17.22,596400.0,15.169990828439998,596400.0
5424,2004-10-01,17.35,18.05,17.18,18.05,788000.0,15.901180862562999,788000.0
5425,2004-10-04,18.2,18.42,18.16,18.29,548700.0,16.112609306164998,548700.0
5426,2004-10-05,18.2,18.34,17.65,17.7,952700.0,15.592847715644,952700.0
5427,2004-10-06,17.7,18.09,17.69,18.01,465800.0,15.865942788629999,465800.0
5428,2004-10-07,17.85,18.32,17.7,18.13,922800.0,15.971657010431,922800.0
5429,2004-10-08,18.3,18.36,17.98,18.15,1573700.0,15.989276047397,1573700.0
5430,2004-10-11,18.2,18.29,17.97,18.01,306200.0,15.865942788629999,306200.0
5431,2004-10-12,17.99,18.09,17.8,17.85,521000.0,15.724990492895,521000.0
5432,2004-10-13,17.9,18.05,17.56,17.57,416800.0,15.478323975359,416800.0
5433,2004-10-14,17.51,17.55,17.17,17.26,529100.0,15.205228902374001,529100.0
5434,2004-10-15,17.3,17.75,17.21,17.68,624000.0,15.575228678677002,624000.0
5435,2004-10-18,17.55,17.95,17.55,17.92,752200.0,15.786657122279001,752200.0
5436,2004-10-19,17.88,18.11,17.75,17.85,600200.0,15.724990492895,600200.0
5437,2004-10-20,17.75,17.76,17.2,17.57,560700.0,15.539990604742998,560700.0
5438,2004-10-21,17.57,17.94,17.37,17.88,439000.0,15.814173705908,439000.0
5439,2004-10-22,17.98,17.99,17.4,17.6,589100.0,15.566524453243,589100.0
5440,2004-10-25,17.5,17.62,17.16,17.52,581300.0,15.49576752391,581300.0
5441,2004-10-26,17.52,17.91,17.2,17.88,815200.0,15.814173705908,815200.0
5442,2004-10-27,17.8,19.37,17.79,18.96,1234400.0,16.769392251903,1234400.0
5443,2004-10-28,18.9,19.33,18.8,19.2,1052400.0,16.981663039902,1052400.0
5444,2004-10-29,19.2,21.0,19.14,20.54,2828600.0,18.166841606228,2828600.0
5445,2004-11-01,20.0,21.16,19.99,20.72,2457200.0,18.326044697227,2457200.0
5446,2004-11-02,20.5,21.9,20.2,20.95,1950800.0,18.529470869059,1950800.0
5447,2004-11-03,21.5,22.24,20.95,21.05,2205100.0,18.617917030725,2205100.0
5448,2004-11-04,21.05,21.57,21.03,21.35,1368900.0,18.883255515724002,1368900.0
5449,2004-11-05,21.4,21.7,21.01,21.31,1149300.0,18.847877051057,1149300.0
5450,2004-11-08,21.4,21.47,21.21,21.37,854000.0,18.900944748057,854000.0
5451,2004-11-09,21.3,21.78,21.29,21.63,1006800.0,19.130904768389,1006800.0
5452,2004-11-10,21.85,21.88,21.58,21.65,784700.0,19.148594000722,784700.0
5453,2004-11-11,21.6,21.93,21.44,21.86,1122600.0,19.334330940221,1122600.0
5454,2004-11-12,21.75,22.14,21.68,22.14,1017500.0,19.581980192887002,1017500.0
5455,2004-11-15,22.14,22.31,22.07,22.19,486900.0,19.62620327372,486900.0
5456,2004-11-16,22.0,22.14,21.69,21.8,587500.0,19.281263243222,587500.0
5457,2004-11-17,21.95,22.18,21.63,21.79,536000.0,19.272418627055,536000.0
5458,2004-11-18,21.79,21.85,21.21,21.45,745900.0,18.97170167739,745900.0
5459,2004-11-19,21.44,21.45,20.97,21.05,580000.0,18.617917030725,580000.0
5460,2004-11-22,21.0,21.0,20.79,20.8,1187300.0,18.39680162656,1187300.0
5461,2004-11-23,20.8,21.0,20.62,20.69,847000.0,18.299510848727,847000.0
5462,2004-11-24,20.8,21.06,20.75,20.78,1500200.0,18.379112394227,1500200.0
5463,2004-11-26,20.85,21.02,20.65,20.82,446700.0,18.414490858893,446700.0
5464,2004-11-29,20.85,21.26,20.64,21.19,845800.0,18.741741657058,845800.0
5465,2004-11-30,21.2,21.4,21.13,21.33,688900.0,18.865566283390997,688900.0
5466,2004-12-01,21.55,21.88,21.45,21.85,744500.0,19.325486324055,744500.0
5467,2004-12-02,21.85,22.06,21.55,21.76,481300.0,19.245884778555,481300.0
5468,2004-12-03,21.85,22.09,21.71,21.92,441000.0,19.387398637221,441000.0
5469,2004-12-06,22.0,22.21,21.77,22.12,562100.0,19.564290960553,562100.0
5470,2004-12-07,22.1,22.19,21.35,21.35,672700.0,18.883255515724002,672700.0
5471,2004-12-08,21.45,21.65,21.36,21.61,446900.0,19.113215536056,446900.0
5472,2004-12-09,21.4,21.73,21.34,21.65,555900.0,19.148594000722,555900.0
5473,2004-12-10,21.6,21.79,21.44,21.63,741800.0,19.130904768389,741800.0
5474,2004-12-13,21.75,21.9,21.52,21.89,657700.0,19.360864788721003,657700.0
5475,2004-12-14,21.75,22.78,21.75,22.7,1491400.0,20.077278698217,1491400.0
5476,2004-12-15,22.82,23.13,22.57,22.89,1478700.0,20.245326405383,1478700.0
5477,2004-12-16,22.9,23.28,22.61,22.69,871700.0,20.06843408205,871700.0
5478,2004-12-17,22.39,22.68,21.88,21.88,1225900.0,19.352020172555,1225900.0
5479,2004-12-20,22.05,22.19,21.66,21.86,618700.0,19.334330940221,618700.0
5480,2004-12-21,22.05,22.25,21.9,22.1,518500.0,19.54660172822,518500.0
5481,2004-12-22,22.12,22.48,22.11,22.23,492500.0,19.661581738385998,492500.0
5482,2004-12-23,22.35,22.46,22.1,22.14,344000.0,19.581980192887002,344000.0
5483,2004-12-27,22.39,22.61,22.14,22.28,402800.0,19.705804819219,402800.0
5484,2004-12-28,22.27,22.6,22.22,22.49,269400.0,19.891541758718,269400.0
5485,2004-12-29,22.35,22.56,22.3,22.5,210300.0,19.900386374885002,210300.0
5486,2004-12-30,22.5,22.81,22.5,22.58,236400.0,19.971143304218,236400.0
5487,2004-12-31,22.64,22.67,22.36,22.49,294200.0,19.891541758718,294200.0
5488,2005-01-03,22.55,22.6,21.84,22.09,641200.0,19.537757112053,641200.0
5489,2005-01-04,22.14,22.27,21.61,21.82,903000.0,19.298952475555,903000.0
5490,2005-01-05,21.8,21.86,21.11,21.17,985400.0,18.724052424725002,985400.0
5491,2005-01-06,21.3,21.61,21.21,21.38,669400.0,18.909789364224,669400.0
5492,2005-01-07,21.43,21.47,21.09,21.37,474300.0,18.900944748057,474300.0
5493,2005-01-10,21.3,21.49,21.12,21.4,923800.0,18.927478596557,923800.0
5494,2005-01-11,21.3,21.4,20.72,20.99,567300.0,18.564849333726002,567300.0
5495,2005-01-12,20.98,21.08,20.67,20.96,362200.0,18.538315485226,362200.0
5496,2005-01-13,20.68,21.37,20.4,20.75,804400.0,18.352578545727,804400.0
5497,2005-01-14,21.0,21.25,20.78,21.1,464700.0,18.662140111559,464700.0
5498,2005-01-18,20.95,21.32,20.74,21.08,712700.0,18.644450879224998,712700.0
5499,2005-01-19,21.05,21.05,20.5,20.55,665100.0,18.237598535561,665100.0
5500,2005-01-20,20.54,20.7,20.37,20.6,705500.0,18.281972254625998,705500.0
5501,2005-01-21,20.6,20.88,20.55,20.76,1082900.0,18.423968155632,1082900.0
5502,2005-01-24,20.8,20.92,20.65,20.76,756300.0,18.423968155632,756300.0
5503,2005-01-25,20.85,21.2,20.82,21.02,672600.0,18.654711494767998,672600.0
5504,2005-01-26,21.26,21.51,20.85,21.5,801200.0,19.080699197789,801200.0
5505,2005-01-27,21.45,21.75,21.0,21.55,2004100.0,19.125072916853,2004100.0
5506,2005-01-28,22.25,23.03,22.11,22.55,1920300.0,20.012547298146,1920300.0
5507,2005-01-31,22.6,23.09,22.54,22.99,983800.0,20.403036025915,983800.0
5508,2005-02-01,22.9,22.99,22.24,22.89,1662400.0,20.314288587785,1662400.0
5509,2005-02-02,23.1,23.38,22.81,23.35,1015200.0,20.72252680318,1015200.0
5510,2005-02-03,23.35,23.4,22.77,22.87,712700.0,20.29653910016,712700.0
5511,2005-02-04,22.9,23.58,22.82,23.51,738900.0,20.864522704187,738900.0
5512,2005-02-07,23.55,23.85,23.36,23.66,1048900.0,20.997643861381,1048900.0
5513,2005-02-08,23.67,23.86,23.5,23.61,521900.0,20.953270142316,521900.0
5514,2005-02-09,23.6,23.6,22.89,22.98,541000.0,20.394161282102,541000.0
5515,2005-02-10,22.98,23.14,22.66,22.8,402000.0,20.234415893469,402000.0
5516,2005-02-11,22.85,23.09,22.61,22.97,910900.0,20.385286538289,910900.0
5517,2005-02-14,22.78,23.01,22.78,22.84,662300.0,20.269914868721003,662300.0
5518,2005-02-15,22.92,23.08,22.76,22.88,451300.0,20.305413843973,451300.0
5519,2005-02-16,22.7,23.13,22.55,23.07,621600.0,20.474033976418,621600.0
5520,2005-02-17,23.15,23.51,23.02,23.3,754100.0,20.678153084115,754100.0
5521,2005-02-18,23.36,23.36,22.89,22.95,619400.0,20.367537050663,619400.0
5522,2005-02-22,22.95,22.95,22.28,22.28,346200.0,19.772929215197,346200.0
5523,2005-02-23,22.4,22.5,22.14,22.36,459700.0,19.8439271657,459700.0
5524,2005-02-24,22.36,22.54,22.03,22.48,434500.0,19.950424091456,434500.0
5525,2005-02-25,22.45,22.59,22.2,22.53,457600.0,19.99479781052,457600.0
5526,2005-02-28,22.45,22.69,22.07,22.18,650300.0,19.684181777067998,650300.0
5527,2005-03-01,22.44,22.5,22.14,22.2,760800.0,19.701931264694,760800.0
5528,2005-03-02,22.2,22.3,21.75,22.06,685100.0,19.577684851313,685100.0
5529,2005-03-03,22.25,22.46,22.06,22.31,547300.0,19.799553446636,547300.0
5530,2005-03-04,22.45,23.07,22.4,23.02,1016300.0,20.429660257353,1016300.0
5531,2005-03-07,23.05,23.36,22.76,22.76,878800.0,20.198916918217,878800.0
5532,2005-03-08,22.85,23.14,22.75,23.01,820700.0,20.420785513541,820700.0
5533,2005-03-09,23.02,23.2,22.53,22.57,605400.0,20.030296785772,605400.0
5534,2005-03-10,22.7,22.75,22.14,22.46,321000.0,19.932674603829998,321000.0
5535,2005-03-11,22.6,22.75,21.95,22.08,380700.0,19.595434338939,380700.0
5536,2005-03-14,22.2,22.3,21.94,22.0,547400.0,19.524436388435,547400.0
5537,2005-03-15,22.0,22.24,21.84,21.9,474000.0,19.435688950306,474000.0
5538,2005-03-16,21.89,21.91,21.4,21.42,676700.0,19.009701247284998,676700.0
5539,2005-03-17,21.42,21.47,21.13,21.3,557800.0,18.90320432153,557800.0
5540,2005-03-18,21.48,21.7,21.42,21.53,1097900.0,19.107323429228,1097900.0
5541,2005-03-21,21.05,21.5,21.03,21.25,756100.0,18.858830602466,756100.0
5542,2005-03-22,21.35,21.42,20.96,21.0,500100.0,18.636962007142998,500100.0
5543,2005-03-23,21.15,21.89,21.05,21.74,1074800.0,19.293693049298998,1074800.0
5544,2005-03-24,21.79,22.13,21.75,22.09,829600.0,19.604309082751,829600.0
5545,2005-03-28,22.15,22.18,21.87,21.92,491800.0,19.453438437932,491800.0
5546,2005-03-29,21.96,21.97,21.1,21.15,888000.0,18.770083164336,888000.0
5547,2005-03-30,20.0,20.3,19.12,19.81,3568200.0,17.580867493405,3568200.0
5548,2005-03-31,19.95,20.64,19.84,20.63,1473300.0,18.308596486064,1473300.0
5549,2005-04-01,20.68,20.82,20.21,20.32,976900.0,18.033479427864002,976900.0
5550,2005-04-04,20.25,20.48,20.1,20.45,626700.0,18.148851097432,626700.0
5551,2005-04-05,20.4,20.49,20.06,20.32,1101200.0,18.033479427864002,1101200.0
5552,2005-04-06,20.31,20.87,20.31,20.8,657100.0,18.459467130884,657100.0
5553,2005-04-07,20.8,21.0,20.7,20.79,437400.0,18.450592387070998,437400.0
5554,2005-04-08,20.8,20.8,20.54,20.62,340600.0,18.299721742251002,340600.0
5555,2005-04-11,20.6,20.73,20.41,20.41,257900.0,18.11335212218,257900.0
5556,2005-04-12,20.42,20.42,19.85,20.4,936000.0,18.104477378367,936000.0
5557,2005-04-13,20.45,20.65,20.09,20.27,631900.0,17.989105708799,631900.0
5558,2005-04-14,20.2,20.43,19.84,20.0,1217900.0,17.74948762585,1217900.0
5559,2005-04-15,19.95,20.06,19.63,19.64,832200.0,17.429996848585,832200.0
5560,2005-04-18,19.64,19.77,19.6,19.65,544100.0,17.438871592397998,544100.0
5561,2005-04-19,19.69,19.71,19.54,19.6,411000.0,17.394497873333002,411000.0
5562,2005-04-20,19.6,19.85,19.5,19.6,497400.0,17.456621080024,497400.0
5563,2005-04-21,19.8,20.6,19.8,20.56,664300.0,18.311639255372,664300.0
5564,2005-04-22,20.45,20.45,19.5,19.62,997200.0,17.474433958677,997200.0
5565,2005-04-25,19.7,19.79,19.33,19.34,1386100.0,17.225053657533,1386100.0
5566,2005-04-26,19.4,20.34,19.4,19.87,1386500.0,17.69709494184,1386500.0
5567,2005-04-27,20.02,20.02,19.41,19.72,747300.0,17.563498351942002,747300.0
5568,2005-04-28,19.89,19.92,18.82,18.89,1515300.0,16.824263887839,1515300.0
5569,2005-04-29,18.89,18.92,18.4,18.5,1426500.0,16.476912754104,1426500.0
5570,2005-05-02,18.57,18.7,18.17,18.23,1821300.0,16.236438892286998,1821300.0
5571,2005-05-03,18.31,18.58,18.01,18.01,1511400.0,16.040497227103,1511400.0
5572,2005-05-04,18.09,18.7,17.92,18.6,1373600.0,16.565977147369,1373600.0
5573,2005-05-05,18.66,18.89,18.55,18.83,1153300.0,16.770825251879998,1153300.0
5574,2005-05-06,18.95,19.1,18.7,18.85,585300.0,16.788638130533,585300.0
5575,2005-05-09,18.88,19.14,18.71,19.0,512400.0,16.922234720431,512400.0
5576,2005-05-10,19.01,19.25,18.73,18.88,726600.0,16.815357448513,726600.0
5577,2005-05-11,18.8,19.08,18.64,19.06,663500.0,16.97567335639,663500.0
5578,2005-05-12,19.07,19.34,19.0,19.09,729900.0,17.00239267437,729900.0
5579,2005-05-13,19.1,19.19,18.42,18.59,732600.0,16.557070708043,732600.0
5580,2005-05-16,18.65,18.83,18.5,18.6,1002100.0,16.565977147369,1002100.0
5581,2005-05-17,18.55,18.55,18.21,18.4,738300.0,16.387848360838,738300.0
5582,2005-05-18,18.38,18.82,18.38,18.74,788900.0,16.690667297941,788900.0
5583,2005-05-19,18.72,19.05,18.71,19.05,398900.0,16.966766917064,398900.0
5584,2005-05-20,19.08,19.24,18.9,19.19,446900.0,17.091457067634998,446900.0
5585,2005-05-23,19.19,19.37,19.08,19.26,582300.0,17.153802142921,582300.0
5586,2005-05-24,19.2,19.32,19.03,19.2,298800.0,17.100363506961994,298800.0
5587,2005-05-25,19.2,19.2,18.94,19.03,362900.0,16.948954038411,362900.0
5588,2005-05-26,19.12,19.32,19.12,19.26,744100.0,17.153802142921,744100.0
5589,2005-05-27,19.3,19.45,19.15,19.15,816900.0,17.055831310329,816900.0
5590,2005-05-31,19.2,19.34,19.11,19.13,1063300.0,17.038018431676,1063300.0
5591,2005-06-01,19.18,19.53,19.02,19.52,824900.0,17.385369565411,824900.0
5592,2005-06-02,19.55,19.55,18.95,19.2,1207900.0,17.100363506961994,1207900.0
5593,2005-06-03,19.3,19.42,18.98,19.0,869000.0,16.922234720431,869000.0
5594,2005-06-06,19.05,19.31,19.03,19.31,855700.0,17.198334339554,855700.0
5595,2005-06-07,19.4,19.86,19.38,19.55,1223500.0,17.412088883391,1223500.0
5596,2005-06-08,19.6,19.71,19.25,19.25,768800.0,17.144895703595,768800.0
5597,2005-06-09,19.3,19.56,19.26,19.55,808900.0,17.412088883391,808900.0
5598,2005-06-10,19.6,19.74,19.34,19.34,381100.0,17.225053657533,381100.0
5599,2005-06-13,19.35,19.7,19.27,19.39,447800.0,17.269585854166,447800.0
5600,2005-06-14,19.35,19.51,19.29,19.43,505300.0,17.305211611472,505300.0
5601,2005-06-15,19.51,19.65,19.32,19.54,395200.0,17.403182444064,395200.0
5602,2005-06-16,19.54,19.7,19.54,19.64,363900.0,17.492246837329994,363900.0
5603,2005-06-17,19.84,19.84,19.5,19.6,569200.0,17.456621080024,569200.0
5604,2005-06-20,19.45,19.62,19.35,19.5,814800.0,17.367556686758,814800.0
5605,2005-06-21,19.45,19.53,19.32,19.37,425300.0,17.251772975513,425300.0
5606,2005-06-22,19.38,19.52,19.29,19.32,784300.0,17.20724077888,784300.0
5607,2005-06-23,19.26,19.33,18.95,19.12,1709800.0,17.02911199235,1709800.0
5608,2005-06-24,19.09,19.1,18.52,18.6,1094400.0,16.565977147369,1094400.0
5609,2005-06-27,18.55,18.55,18.0,18.16,1382400.0,16.174093817001,1382400.0
5610,2005-06-28,18.35,18.9,18.25,18.75,1043600.0,16.699573737267002,1043600.0
5611,2005-06-29,18.73,18.82,18.57,18.73,899600.0,16.681760858614,899600.0
5612,2005-06-30,18.74,19.14,18.74,18.9,735400.0,16.833170327166,735400.0
5613,2005-07-01,18.92,19.24,18.91,19.24,754100.0,17.135989264268,754100.0
5614,2005-07-05,19.24,19.7,19.22,19.7,923000.0,17.545685473289,923000.0
5615,2005-07-06,19.6,19.72,19.48,19.66,728400.0,17.510059715983,728400.0
5616,2005-07-07,19.52,19.8,19.5,19.77,638100.0,17.608030548575,638100.0
5617,2005-07-08,19.73,20.12,19.66,20.02,603200.0,17.830691531738,603200.0
5618,2005-07-11,20.03,20.5,20.02,20.39,480800.0,18.16022978682,480800.0
5619,2005-07-12,20.2,20.21,19.75,20.04,728000.0,17.848504410390998,728000.0
5620,2005-07-13,20.04,20.16,19.97,20.1,396200.0,17.901943046351,396200.0
5621,2005-07-14,20.24,20.6,20.15,20.59,614400.0,18.338358573350998,614400.0
5622,2005-07-15,20.59,21.09,20.56,21.02,983500.0,18.721335464393,983500.0
5623,2005-07-18,20.87,21.05,20.79,21.0,1124600.0,18.70352258574,1124600.0
5624,2005-07-19,21.01,21.2,21.01,21.15,1120400.0,18.837119175638,1120400.0
5625,2005-07-20,21.0,21.4,21.0,21.4,774000.0,19.122125234087,774000.0
5626,2005-07-21,21.37,21.59,21.2,21.46,742700.0,19.175738669323,742700.0
5627,2005-07-22,21.44,21.46,21.11,21.36,510600.0,19.086382943929998,510600.0
5628,2005-07-25,21.31,21.55,21.17,21.23,420800.0,18.970220500919,420800.0
5629,2005-07-26,21.24,21.6,21.2,21.55,873400.0,19.256158822176,873400.0
5630,2005-07-27,21.21,21.28,20.26,20.94,2021900.0,18.71108889728,2021900.0
5631,2005-07-28,20.94,21.27,20.83,21.27,1176900.0,19.005962791076,1176900.0
5632,2005-07-29,21.2,21.3,20.89,20.98,500000.0,18.746831187437,500000.0
5633,2005-08-01,21.0,21.14,20.84,20.89,495500.0,18.666411034583,495500.0
5634,2005-08-02,20.84,20.95,20.66,20.75,659800.0,18.541313019033,659800.0
5635,2005-08-03,20.72,20.78,20.55,20.65,464800.0,18.45195729364,464800.0
5636,2005-08-04,20.6,20.62,20.28,20.28,481500.0,18.121341109686,481500.0
5637,2005-08-05,20.23,20.27,20.05,20.17,310100.0,18.023049811754,310100.0
5638,2005-08-08,20.12,20.26,20.01,20.15,440500.0,18.005178666675,440500.0
5639,2005-08-09,20.24,20.5,20.2,20.32,777800.0,18.157083399843,777800.0
5640,2005-08-10,20.33,20.54,20.15,20.32,876000.0,18.157083399843,876000.0
5641,2005-08-11,20.34,20.53,20.34,20.53,460200.0,18.344730423169,460200.0
5642,2005-08-12,20.53,20.59,20.41,20.45,566600.0,18.273245842854,566600.0
5643,2005-08-15,20.5,20.55,20.38,20.45,423800.0,18.273245842854,423800.0
5644,2005-08-16,20.46,20.5,20.27,20.31,407200.0,18.148147827304,407200.0
5645,2005-08-17,20.33,20.48,20.2,20.43,365900.0,18.255374697776002,365900.0
5646,2005-08-18,20.43,20.51,20.34,20.34,500100.0,18.174954544922,500100.0
5647,2005-08-19,20.5,20.51,20.2,20.25,597400.0,18.094534392068,597400.0
5648,2005-08-22,20.2,20.4,19.99,20.03,627300.0,17.897951796203998,627300.0
5649,2005-08-23,20.0,20.01,19.74,19.83,705600.0,17.719240345418,705600.0
5650,2005-08-24,19.72,20.23,19.72,19.89,1114200.0,17.772853780654,1114200.0
5651,2005-08-25,20.0,20.04,19.75,20.01,834600.0,17.880080651125,834600.0
5652,2005-08-26,20.03,20.03,19.57,19.68,353400.0,17.585206757329,353400.0
5653,2005-08-29,20.04,20.66,20.0,20.65,762300.0,18.45195729364,762300.0
5654,2005-08-30,20.66,20.73,20.2,20.42,605800.0,18.246439125236,605800.0
5655,2005-08-31,20.42,20.7,20.27,20.7,530100.0,18.496635156337,530100.0
5656,2005-09-01,20.7,20.7,20.0,20.1,1316800.0,17.960500803979002,1316800.0
5657,2005-09-02,20.23,20.41,20.16,20.2,345900.0,18.049856529372,345900.0
5658,2005-09-06,20.25,20.77,20.25,20.75,459500.0,18.541313019033,459500.0
5659,2005-09-07,20.64,20.83,20.5,20.75,396500.0,18.541313019033,396500.0
5660,2005-09-08,20.75,20.91,20.65,20.77,376000.0,18.559184164112,376000.0
5661,2005-09-09,20.8,21.05,20.79,21.0,521000.0,18.764702332515,521000.0
5662,2005-09-12,21.0,21.01,20.86,20.92,278200.0,18.693217752201,278200.0
5663,2005-09-13,20.85,20.85,20.36,20.39,477500.0,18.219632407618,477500.0
5664,2005-09-14,20.38,20.49,20.1,20.16,531000.0,18.014114239215,531000.0
5665,2005-09-15,20.17,20.42,19.87,19.9,390000.0,17.781789353193,390000.0
5666,2005-09-16,20.0,20.25,19.98,20.24,902800.0,18.085598819529,902800.0
5667,2005-09-19,20.25,20.32,19.88,19.92,285000.0,17.799660498272,285000.0
5668,2005-09-20,19.87,20.07,19.6,19.69,387700.0,17.594142329868,387700.0
5669,2005-09-21,19.69,19.74,19.41,19.43,323200.0,17.361817443846,323200.0
5670,2005-09-22,19.4,19.41,19.15,19.27,411400.0,17.218848283218,411400.0
5671,2005-09-23,19.18,19.5,19.18,19.46,324200.0,17.388624161464,324200.0
5672,2005-09-26,19.6,19.67,19.17,19.17,592300.0,17.129492557825,592300.0
5673,2005-09-27,19.25,19.63,19.24,19.57,956100.0,17.486915459396,956100.0
5674,2005-09-28,19.68,20.12,19.68,20.07,1181100.0,17.933694086361,1181100.0
5675,2005-09-29,20.02,20.18,19.97,20.15,510600.0,18.005178666675,510600.0
5676,2005-09-30,20.19,20.49,20.15,20.37,610300.0,18.20176126254,610300.0
5677,2005-10-03,20.37,20.87,20.3,20.77,799700.0,18.559184164112,799700.0
5678,2005-10-04,20.85,20.94,20.55,20.65,456900.0,18.45195729364,456900.0
5679,2005-10-05,20.62,20.8,20.45,20.6,956400.0,18.407279430943998,956400.0
5680,2005-10-06,20.55,20.85,20.44,20.63,954000.0,18.434086148561,954000.0
5681,2005-10-07,21.9,22.3,21.65,22.07,2622500.0,19.720808594220003,2622500.0
5682,2005-10-10,22.07,22.08,21.29,21.29,1390700.0,19.023833936155,1390700.0
5683,2005-10-11,21.3,21.53,21.06,21.08,1119000.0,18.83618691283,1119000.0
5684,2005-10-12,20.95,21.1,20.52,20.72,906300.0,18.514506301415,906300.0
5685,2005-10-13,20.72,21.14,20.59,21.1,878400.0,18.854058057908002,878400.0
5686,2005-10-14,21.05,21.14,20.71,21.13,803200.0,18.880864775526,803200.0
5687,2005-10-17,21.1,21.37,21.02,21.17,446300.0,18.916607065683,446300.0
5688,2005-10-18,21.06,21.22,20.89,20.94,632200.0,18.71108889728,632200.0
5689,2005-10-19,20.88,21.05,20.67,21.05,618500.0,18.871929202987,618500.0
5690,2005-10-20,21.0,21.45,21.0,21.45,1247300.0,19.230540684279,1247300.0
5691,2005-10-21,21.5,21.6,20.74,20.77,854900.0,18.620901166082998,854900.0
5692,2005-10-24,20.78,21.25,20.52,21.21,650400.0,19.015373795504,650400.0
5693,2005-10-25,21.13,21.13,20.62,20.82,708700.0,18.665727601244,708700.0
5694,2005-10-26,21.5,22.65,21.3,22.41,2572300.0,20.091208239379,2572300.0
5695,2005-10-27,22.41,22.42,21.9,21.9,922400.0,19.633978600732,922400.0
5696,2005-10-28,21.92,21.92,21.07,21.57,1701400.0,19.338124128666,1701400.0
5697,2005-10-31,21.7,22.15,21.7,22.07,845500.0,19.786388480281,845500.0
5698,2005-11-01,22.11,22.3,22.06,22.13,537500.0,19.840180202475,537500.0
5699,2005-11-02,22.3,23.0,22.29,22.76,956800.0,20.404993285510002,956800.0
5700,2005-11-03,22.65,22.67,22.15,22.35,1150100.0,20.037416517186,1150100.0
5701,2005-11-04,22.29,22.65,22.21,22.37,471800.0,20.05534709125,471800.0
5702,2005-11-07,22.1,22.39,22.1,22.17,668100.0,19.876041350604,668100.0
5703,2005-11-08,22.0,22.05,21.84,21.84,436200.0,19.580186878538,436200.0
5704,2005-11-09,21.84,22.25,21.79,22.17,434300.0,19.876041350604,434300.0
5705,2005-11-10,22.14,22.5,21.96,22.39,221800.0,20.073277665315,221800.0
5706,2005-11-11,22.4,22.4,22.16,22.24,402800.0,19.93879835983,402800.0
5707,2005-11-14,22.4,22.4,22.11,22.28,623300.0,19.974659507959,623300.0
5708,2005-11-15,22.1,22.27,21.91,22.02,234400.0,19.741562045120002,234400.0
5709,2005-11-16,22.0,22.06,21.8,22.0,592500.0,19.723631471055,592500.0
5710,2005-11-17,22.05,22.33,22.0,22.29,323600.0,19.983624794992,323600.0
5711,2005-11-18,22.52,22.54,22.01,22.29,663800.0,19.983624794992,663800.0
5712,2005-11-21,22.24,22.88,22.13,22.68,1620200.0,20.333270989251,1620200.0
5713,2005-11-22,22.5,22.71,22.21,22.71,630000.0,20.360166850348,630000.0
5714,2005-11-23,22.6,22.75,22.6,22.67,447300.0,20.324305702219,447300.0
5715,2005-11-25,22.7,22.7,22.5,22.55,77400.0,20.216722257832,77400.0
5716,2005-11-28,22.51,22.61,22.36,22.49,438100.0,20.162930535638,438100.0
5717,2005-11-29,22.64,22.78,22.49,22.73,411500.0,20.378097424413,411500.0
5718,2005-11-30,22.66,23.0,22.66,22.81,521100.0,20.449819720671,521100.0
5719,2005-12-01,22.91,23.09,22.87,22.93,396400.0,20.557403165059,396400.0
5720,2005-12-02,22.83,23.0,22.58,22.95,219500.0,20.575333739123,219500.0
5721,2005-12-05,22.86,22.88,22.52,22.65,569600.0,20.306375128154,569600.0
5722,2005-12-06,22.77,23.2,22.66,23.06,506100.0,20.673951896479,506100.0
5723,2005-12-07,23.03,23.42,22.97,23.3,1149900.0,20.889118785254,1149900.0
5724,2005-12-08,23.3,23.4,23.03,23.28,763200.0,20.871188211189,763200.0
5725,2005-12-09,23.3,23.54,23.23,23.42,525900.0,20.996702229641,525900.0
5726,2005-12-12,23.43,23.5,23.23,23.44,607700.0,21.014632803706,607700.0
5727,2005-12-13,23.44,23.58,23.25,23.4,577800.0,20.978771655577,577800.0
5728,2005-12-14,23.35,23.8,23.29,23.7,886500.0,21.247730266546,886500.0
5729,2005-12-15,23.78,23.79,23.47,23.68,393500.0,21.229799692481002,393500.0
5730,2005-12-16,23.73,23.79,23.43,23.57,808100.0,21.131181535126,808100.0
5731,2005-12-19,23.5,23.51,23.2,23.27,620800.0,20.862222924157,620800.0
5732,2005-12-20,23.27,23.37,23.06,23.1,563100.0,20.709813044607998,563100.0
5733,2005-12-21,23.3,23.33,22.79,22.94,767400.0,20.566368452091,767400.0
5734,2005-12-22,22.96,23.04,21.51,23.04,1773200.0,20.656021322414,1773200.0
5735,2005-12-23,23.04,23.3,22.98,23.25,627000.0,20.844292350092,627000.0
5736,2005-12-27,23.25,23.49,23.24,23.38,1101900.0,20.960841081512,1101900.0
5737,2005-12-28,23.36,23.82,23.3,23.76,1008800.0,21.30152198874,1008800.0
5738,2005-12-29,23.8,24.02,23.77,23.86,843200.0,21.391174859063,843200.0
5739,2005-12-30,23.72,23.75,23.43,23.56,528000.0,21.122216248094002,528000.0
5740,2006-01-03,23.76,24.12,23.45,23.99,1204000.0,21.507723590482,1204000.0
5741,2006-01-04,23.94,24.15,23.68,24.01,935300.0,21.525654164547,935300.0
5742,2006-01-05,23.94,24.1,23.8,23.89,724000.0,21.418070720158997,724000.0
5743,2006-01-06,23.94,23.94,23.6,23.65,808000.0,21.202903831384,808000.0
5744,2006-01-09,23.46,23.98,23.38,23.74,954700.0,21.283591414675,954700.0
5745,2006-01-10,23.66,23.7,23.32,23.69,863100.0,21.238764979513,863100.0
5746,2006-01-11,23.63,24.03,23.63,23.96,493400.0,21.480827729385,493400.0
5747,2006-01-12,23.98,23.98,23.28,23.29,832300.0,20.880153498222,832300.0
5748,2006-01-13,23.39,23.56,23.21,23.49,523900.0,21.059459238867,523900.0
5749,2006-01-17,23.3,23.35,23.09,23.22,351800.0,20.817396488994998,351800.0
5750,2006-01-18,23.01,23.13,22.79,22.94,353700.0,20.629125461317,353700.0
5751,2006-01-19,22.96,23.59,22.96,23.41,685500.0,21.051779731885,685500.0
5752,2006-01-20,23.34,23.38,22.96,22.96,656900.0,20.647110749426,656900.0
5753,2006-01-23,22.93,23.01,22.76,22.95,368100.0,20.638118105372,368100.0
5754,2006-01-24,23.09,23.25,22.86,23.0,614600.0,20.683081325645002,614600.0
5755,2006-01-25,23.04,23.14,22.68,22.8,643400.0,20.503228444552,643400.0
5756,2006-01-26,22.9,23.49,22.75,23.35,719900.0,20.997823867557003,719900.0
5757,2006-01-27,23.25,23.26,21.63,21.8,2557900.0,19.60396403909,2557900.0
5758,2006-01-30,21.95,23.03,21.95,22.78,1409000.0,20.485243156443,1409000.0
5759,2006-01-31,22.56,22.89,22.27,22.74,1096300.0,20.449272580225,1096300.0
5760,2006-02-01,22.7,23.17,22.2,23.09,1090800.0,20.764015122137,1090800.0
5761,2006-02-02,23.06,23.06,22.48,22.52,778300.0,20.251434411023,778300.0
5762,2006-02-03,22.41,22.77,22.25,22.64,638000.0,20.359346139678,638000.0
5763,2006-02-06,22.64,23.04,22.5,22.94,670600.0,20.629125461317,670600.0
5764,2006-02-07,22.97,23.28,22.85,23.0,683700.0,20.683081325645002,683700.0
5765,2006-02-08,22.98,23.6,22.75,23.56,881900.0,21.186669392704,881900.0
5766,2006-02-09,23.52,23.74,23.36,23.37,789000.0,21.015809155666002,789000.0
5767,2006-02-10,23.25,23.4,22.8,23.25,1939100.0,20.907897427011,1939100.0
5768,2006-02-13,22.9,23.25,22.55,22.99,889900.0,20.67408868159,889900.0
5769,2006-02-14,23.05,23.31,22.92,23.2,1096700.0,20.862934206738,1096700.0
5770,2006-02-15,23.41,24.0,23.34,23.85,755400.0,21.447456070288,755400.0
5771,2006-02-16,23.85,24.04,23.7,24.01,723800.0,21.591338375162,723800.0
5772,2006-02-17,24.0,24.14,23.72,23.78,546700.0,21.384507561906,546700.0
5773,2006-02-21,23.78,23.79,23.43,23.61,529500.0,21.231632612977,529500.0
5774,2006-02-22,23.75,23.89,23.41,23.82,897400.0,21.420478138124,897400.0
5775,2006-02-23,23.72,24.08,23.56,23.86,435800.0,21.456448714343,435800.0
5776,2006-02-24,23.87,23.99,23.66,23.97,262400.0,21.555367798944,262400.0
5777,2006-02-27,23.97,24.1,23.94,24.08,495400.0,21.654286883544998,495400.0
5778,2006-02-28,24.08,24.1,23.72,23.79,723400.0,21.393500205961,723400.0
5779,2006-03-01,23.93,24.17,23.8,24.08,998000.0,21.654286883544998,998000.0
5780,2006-03-02,23.98,23.98,23.74,23.88,814400.0,21.474434002452,814400.0
5781,2006-03-03,23.63,23.94,23.6,23.89,626900.0,21.483426646507002,626900.0
5782,2006-03-06,23.89,23.89,23.36,23.5,643600.0,21.132713528376,643600.0
5783,2006-03-07,23.4,23.47,23.2,23.2,316200.0,20.862934206738,316200.0
5784,2006-03-08,23.2,23.38,22.8,23.27,648800.0,20.92588271512,648800.0
5785,2006-03-09,23.35,23.35,22.92,23.01,452600.0,20.6920739697,452600.0
5786,2006-03-10,23.0,23.25,22.9,23.25,482200.0,20.907897427011,482200.0
5787,2006-03-13,23.35,23.65,23.35,23.51,702500.0,21.141706172431,702500.0
5788,2006-03-14,23.41,23.64,23.26,23.56,500400.0,21.186669392704,500400.0
5789,2006-03-15,23.57,23.85,23.47,23.83,367300.0,21.429470782179,367300.0
5790,2006-03-16,23.83,23.89,23.31,23.5,971300.0,21.132713528376,971300.0
5791,2006-03-17,23.62,23.62,23.32,23.4,809500.0,21.04278708783,809500.0
5792,2006-03-20,23.48,23.49,23.24,23.26,1159200.0,20.916890071064998,1159200.0
5793,2006-03-21,23.18,23.21,22.92,23.06,695700.0,20.737037189972998,695700.0
5794,2006-03-22,23.07,23.17,22.78,23.12,556300.0,20.790993054301,556300.0
5795,2006-03-23,23.03,23.12,22.92,23.07,615800.0,20.746029834027,615800.0
5796,2006-03-24,23.01,23.22,22.99,23.2,372100.0,20.862934206738,372100.0
5797,2006-03-27,23.08,23.22,23.01,23.19,637600.0,20.853941562683,637600.0
5798,2006-03-28,23.19,23.24,23.04,23.15,797700.0,20.817970986464,797700.0
5799,2006-03-29,23.11,23.44,22.96,23.41,677900.0,21.051779731885,677900.0
5800,2006-03-30,23.37,23.6,23.23,23.27,453500.0,20.92588271512,453500.0
5801,2006-03-31,23.53,23.53,23.23,23.47,416700.0,21.105735596212998,416700.0
5802,2006-04-03,23.48,23.86,23.42,23.67,1227300.0,21.285588477305,1227300.0
5803,2006-04-04,23.55,23.58,23.32,23.4,1253400.0,21.04278708783,1253400.0
5804,2006-04-05,23.4,23.4,23.03,23.11,887700.0,20.782000410246,887700.0
5805,2006-04-06,23.03,23.18,22.97,23.05,929900.0,20.728044545918,929900.0
5806,2006-04-07,22.95,23.1,22.68,22.85,713300.0,20.548191664826,713300.0
5807,2006-04-10,22.8,22.81,22.54,22.63,1049100.0,20.350353495624002,1049100.0
5808,2006-04-11,22.58,22.64,22.09,22.25,905200.0,20.008633021548,905200.0
5809,2006-04-12,22.23,22.63,22.21,22.24,799600.0,19.999640377493,799600.0
5810,2006-04-13,22.24,22.52,22.24,22.39,478700.0,20.134530038313,478700.0
5811,2006-04-17,22.5,22.91,22.14,22.25,827300.0,20.008633021548,827300.0
5812,2006-04-18,22.25,22.66,22.25,22.58,759400.0,20.305390275351,759400.0
5813,2006-04-19,22.58,22.65,22.45,22.6,288000.0,20.386324071842,288000.0
5814,2006-04-20,22.73,22.87,22.49,22.52,737500.0,20.314160092827002,737500.0
5815,2006-04-21,22.67,22.79,22.44,22.61,600100.0,20.395344569219,600100.0
5816,2006-04-24,22.55,22.6,22.14,22.2,587700.0,20.025504176765,587700.0
5817,2006-04-25,22.16,22.16,21.67,21.74,1182500.0,19.610561297427,1182500.0
5818,2006-04-26,21.8,22.14,21.75,21.84,656300.0,19.700766271196002,656300.0
5819,2006-04-27,21.7,22.3,21.5,22.02,684400.0,19.863135223981,684400.0
5820,2006-04-28,22.02,22.02,21.28,21.44,1489700.0,19.339946376119002,1489700.0
5821,2006-05-01,21.5,21.87,21.5,21.57,1335700.0,19.457212842019,1335700.0
5822,2006-05-02,21.67,21.84,21.5,21.58,900400.0,19.466233339396,900400.0
5823,2006-05-03,21.5,21.58,21.16,21.5,899600.0,19.394069360381,899600.0
5824,2006-05-04,21.51,21.82,21.51,21.65,1278400.0,19.529376821034997,1278400.0
5825,2006-05-05,21.65,21.76,21.55,21.69,566900.0,19.565458810542,566900.0
5826,2006-05-08,21.81,21.97,21.67,21.67,778900.0,19.547417815789,778900.0
5827,2006-05-09,21.67,21.68,21.45,21.5,639000.0,19.394069360381,639000.0
5828,2006-05-10,21.47,21.5,21.29,21.39,423000.0,19.294843889235,423000.0
5829,2006-05-11,21.31,21.31,20.95,20.99,2255700.0,18.934023994158,2255700.0
5830,2006-05-12,20.97,21.12,20.85,20.89,1054600.0,18.843819020389,1054600.0
5831,2006-05-15,20.9,21.0,20.64,20.9,1490400.0,18.852839517766,1490400.0
5832,2006-05-16,20.84,20.88,20.63,20.75,752800.0,18.717532057112,752800.0
5833,2006-05-17,20.55,20.74,20.4,20.57,914900.0,18.555163104327,914900.0
5834,2006-05-18,20.56,20.68,20.39,20.51,826000.0,18.501040120065998,826000.0
5835,2006-05-19,20.55,20.69,20.35,20.59,575600.0,18.573204099081,575600.0
5836,2006-05-22,20.36,20.69,20.23,20.65,616000.0,18.627327083343,616000.0
5837,2006-05-23,20.71,20.82,20.47,20.54,1094400.0,18.528101612196,1094400.0
5838,2006-05-24,20.57,20.75,20.17,20.28,665900.0,18.293568680396,665900.0
5839,2006-05-25,20.32,20.35,20.0,20.1,1144300.0,18.131199727612,1144300.0
5840,2006-05-26,20.25,20.67,20.23,20.59,713400.0,18.573204099081,713400.0
5841,2006-05-30,20.6,20.6,20.19,20.24,468700.0,18.257486690889,468700.0
5842,2006-05-31,20.65,21.08,20.6,20.86,1240600.0,18.816757528257998,1240600.0
5843,2006-06-01,20.91,21.22,20.88,21.21,571100.0,19.13247493645,571100.0
5844,2006-06-02,21.17,21.28,20.87,20.95,516600.0,18.897942004649998,516600.0
5845,2006-06-05,20.85,20.96,20.28,20.32,545900.0,18.329650669904,545900.0
5846,2006-06-06,20.32,20.37,20.02,20.15,487700.0,18.176302214497,487700.0
5847,2006-06-07,20.15,20.45,20.04,20.23,794400.0,18.248466193512,794400.0
5848,2006-06-08,20.22,20.53,19.77,20.31,1068200.0,18.320630172527,1068200.0
5849,2006-06-09,20.3,20.82,20.17,20.75,1100400.0,18.717532057112,1100400.0
5850,2006-06-12,20.75,20.78,20.48,20.48,925700.0,18.473978627935,925700.0
5851,2006-06-13,20.48,20.98,20.48,20.55,1068200.0,18.537122109572998,1068200.0
5852,2006-06-14,20.47,20.57,20.25,20.54,874700.0,18.528101612196,874700.0
5853,2006-06-15,20.54,21.03,20.51,20.86,999400.0,18.816757528257998,999400.0
5854,2006-06-16,20.9,21.05,20.85,20.91,1310700.0,18.861860015143,1310700.0
5855,2006-06-19,20.91,20.96,20.33,20.37,669400.0,18.374753156789,669400.0
5856,2006-06-20,20.38,20.69,20.36,20.4,747300.0,18.40181464892,747300.0
5857,2006-06-21,20.29,20.49,20.2,20.4,1112000.0,18.40181464892,1112000.0
5858,2006-06-22,20.33,20.42,20.15,20.33,662000.0,18.338671167281,662000.0
5859,2006-06-23,20.3,20.7,20.3,20.48,413800.0,18.473978627935,413800.0
5860,2006-06-26,20.48,20.75,20.38,20.61,607100.0,18.591245093835003,607100.0
5861,2006-06-27,20.62,20.68,20.27,20.35,451900.0,18.356712162035,451900.0
5862,2006-06-28,20.41,20.54,20.18,20.41,448300.0,18.410835146296,448300.0
5863,2006-06-29,20.5,21.05,20.46,21.02,517400.0,18.961085486289,517400.0
5864,2006-06-30,21.05,21.18,20.68,20.9,676400.0,18.852839517766,676400.0
5865,2006-07-03,20.98,21.27,20.89,21.27,261900.0,19.186597920712,261900.0
5866,2006-07-05,21.27,21.29,21.04,21.17,627300.0,19.096392946942,627300.0
5867,2006-07-06,21.15,21.42,21.08,21.31,524200.0,19.222679910219,524200.0
5868,2006-07-07,21.31,21.46,21.13,21.3,574900.0,19.213659412842,574900.0
5869,2006-07-10,21.3,21.42,20.99,21.06,419500.0,18.997167475796,419500.0
5870,2006-07-11,20.98,21.14,20.75,21.11,422200.0,19.042269962681,422200.0
5871,2006-07-12,21.12,21.18,20.77,21.01,564600.0,18.952064988912,564600.0
5872,2006-07-13,20.94,20.95,20.48,20.5,399000.0,18.492019622689,399000.0
5873,2006-07-14,20.48,20.57,20.11,20.38,470400.0,18.383773654166,470400.0
5874,2006-07-17,20.32,20.55,20.15,20.32,434900.0,18.329650669904,434900.0
5875,2006-07-18,20.33,20.49,20.07,20.38,732900.0,18.383773654166,732900.0
5876,2006-07-19,20.31,20.95,20.3,20.89,763000.0,18.906962502027,763000.0
5877,2006-07-20,20.84,20.96,20.61,20.65,496100.0,18.689745125269,496100.0
5878,2006-07-21,20.7,20.71,20.3,20.45,570900.0,18.508730644636,570900.0
5879,2006-07-24,20.45,20.54,20.33,20.45,743900.0,18.508730644636,743900.0
5880,2006-07-25,20.4,20.82,20.4,20.76,395300.0,18.789303089616002,395300.0
5881,2006-07-26,20.75,20.85,20.53,20.71,300600.0,18.744049469458,300600.0
5882,2006-07-27,20.58,20.67,20.1,20.12,705500.0,18.210056751593,705500.0
5883,2006-07-28,18.8,18.8,16.31,18.0,5349900.0,16.291303256893002,5349900.0
5884,2006-07-31,17.85,18.1,17.69,18.03,1692800.0,16.318455428988,1692800.0
5885,2006-08-01,18.02,18.19,17.91,18.0,1272800.0,16.291303256893002,1272800.0
5886,2006-08-02,17.95,18.21,17.86,17.89,1247600.0,16.191745292545,1247600.0
5887,2006-08-03,17.9,18.77,17.68,18.68,1732300.0,16.906752491042,1732300.0
5888,2006-08-04,18.76,19.04,18.29,18.36,1584800.0,16.617129322031,1584800.0
5889,2006-08-07,18.27,18.39,18.17,18.29,853100.0,16.553774253809,853100.0
5890,2006-08-08,18.3,18.55,18.16,18.28,856200.0,16.544723529778,856200.0
5891,2006-08-09,18.35,18.51,18.04,18.05,791600.0,16.336556877051002,791600.0
5892,2006-08-10,18.06,19.23,18.06,18.83,1423200.0,17.042513351516,1423200.0
5893,2006-08-11,18.72,18.81,18.55,18.72,705600.0,16.942955387168,705600.0
5894,2006-08-14,18.84,19.02,18.76,18.84,793300.0,17.051564075548,793300.0
5895,2006-08-15,18.97,19.16,18.85,19.16,1326900.0,17.341187244559,1326900.0
5896,2006-08-16,19.29,19.7,19.28,19.64,1346700.0,17.775621998076,1346700.0
5897,2006-08-17,19.64,20.02,19.6,19.85,1048700.0,17.96568720274,1048700.0
5898,2006-08-18,19.85,19.94,19.6,19.72,813300.0,17.848027790329002,813300.0
5899,2006-08-21,19.62,19.7,19.54,19.61,588200.0,17.748469825981,588200.0
5900,2006-08-22,19.54,19.6,19.12,19.13,778700.0,17.314035072464,778700.0
5901,2006-08-23,19.05,19.06,18.64,18.67,871800.0,16.89770176701,871800.0
5902,2006-08-24,18.83,18.91,18.5,18.5,1145800.0,16.743839458473,1145800.0
5903,2006-08-25,18.4,18.64,18.36,18.55,908000.0,16.789093078631,908000.0
5904,2006-08-28,18.47,18.87,18.4,18.74,579700.0,16.961056835232,579700.0
5905,2006-08-29,18.81,18.84,18.47,18.56,815400.0,16.798143802663,815400.0
5906,2006-08-30,18.63,18.7,18.43,18.46,829000.0,16.707636562347,829000.0
5907,2006-08-31,18.53,18.75,18.43,18.43,1074600.0,16.680484390251998,1074600.0
5908,2006-09-01,18.46,18.58,18.3,18.3,872400.0,16.562824977841,872400.0
5909,2006-09-05,18.23,18.56,18.23,18.31,1120100.0,16.571875701873,1120100.0
5910,2006-09-06,18.32,18.46,18.22,18.25,887000.0,16.517571357683,887000.0
5911,2006-09-07,18.17,18.3,18.03,18.03,451200.0,16.318455428988,451200.0
5912,2006-09-08,18.12,18.41,18.09,18.32,699100.0,16.580926425904,699100.0
5913,2006-09-11,18.35,18.43,18.22,18.37,451100.0,16.626180046062,451100.0
5914,2006-09-12,18.43,18.73,18.41,18.69,808500.0,16.915803215074,808500.0
5915,2006-09-13,18.64,18.7,18.48,18.58,408900.0,16.816245250726,408900.0
5916,2006-09-14,18.52,18.83,18.5,18.82,517700.0,17.033462627484,517700.0
5917,2006-09-15,18.97,19.04,18.7,18.97,788900.0,17.169223487959,788900.0
5918,2006-09-18,18.87,18.93,18.63,18.78,581900.0,16.997259731358,581900.0
5919,2006-09-19,18.72,18.8,18.43,18.45,1432700.0,16.698585838315,1432700.0
5920,2006-09-20,18.35,18.93,18.12,18.86,1933200.0,17.069665523611,1933200.0
5921,2006-09-21,18.81,19.0,18.65,19.0,1441500.0,17.196375660053,1441500.0
5922,2006-09-22,18.95,19.0,18.7,18.86,1384400.0,17.069665523611,1384400.0
5923,2006-09-25,19.0,19.4,18.9,19.17,984900.0,17.350237968591,984900.0
5924,2006-09-26,19.14,19.22,18.91,18.97,2156700.0,17.169223487959,2156700.0
5925,2006-09-27,18.98,19.3,18.92,19.14,1080800.0,17.323085796496,1080800.0
5926,2006-09-28,19.11,19.28,18.92,18.97,625600.0,17.169223487959,625600.0
5927,2006-09-29,19.03,19.08,18.9,18.93,813900.0,17.133020591832,813900.0
5928,2006-10-02,19.1,19.3,18.98,19.0,801800.0,17.196375660053,801800.0
5929,2006-10-03,18.91,19.02,18.83,18.83,578800.0,17.042513351516,578800.0
5930,2006-10-04,18.83,19.19,18.8,19.12,306500.0,17.304984348433006,306500.0
5931,2006-10-05,19.08,19.22,19.0,19.14,732300.0,17.323085796496,732300.0
5932,2006-10-06,19.12,19.77,19.12,19.64,919600.0,17.775621998076,919600.0
5933,2006-10-09,19.57,19.93,19.45,19.85,979100.0,17.96568720274,979100.0
5934,2006-10-10,19.95,19.98,19.52,19.66,1000000.0,17.793723446138998,1000000.0
5935,2006-10-11,19.72,19.93,19.44,19.85,1188400.0,17.96568720274,1188400.0
5936,2006-10-12,19.97,20.13,19.9,20.12,887200.0,18.210056751593,887200.0
5937,2006-10-13,20.2,20.27,19.99,20.07,1171300.0,18.164803131435,1171300.0
5938,2006-10-16,20.0,20.07,19.83,19.85,699500.0,17.96568720274,699500.0
5939,2006-10-17,19.85,19.95,19.76,19.82,524600.0,17.938535030645,524600.0
5940,2006-10-18,19.85,20.0,19.74,19.82,390100.0,18.001890098866,390100.0
5941,2006-10-19,19.88,19.91,19.75,19.77,407000.0,17.956476652602998,407000.0
5942,2006-10-20,19.88,19.96,19.74,19.8,555400.0,17.983724720361,555400.0
5943,2006-10-23,19.69,19.85,19.5,19.58,600600.0,17.783905556801,600600.0
5944,2006-10-24,19.61,20.02,19.61,19.86,1092500.0,18.038220855877,1092500.0
5945,2006-10-25,19.96,20.08,19.8,20.02,673300.0,18.183543883921,673300.0
5946,2006-10-26,20.05,20.47,19.85,20.29,2207900.0,18.428776493744,2207900.0
5947,2006-10-27,20.2,21.59,19.93,21.42,3146600.0,19.455120379300002,3146600.0
5948,2006-10-30,21.47,21.79,21.32,21.69,1767300.0,19.700352989123,1767300.0
5949,2006-10-31,21.69,21.72,21.2,21.36,1280700.0,19.400624243783,1280700.0
5950,2006-11-01,21.4,21.48,20.98,21.04,931700.0,19.109978187697,931700.0
5951,2006-11-02,21.04,21.18,20.9,20.94,767600.0,19.01915129517,767600.0
5952,2006-11-03,21.0,21.09,20.74,20.76,797500.0,18.855662888620998,797500.0
5953,2006-11-06,20.92,21.16,20.9,21.06,887000.0,19.128143566202,887000.0
5954,2006-11-07,21.48,22.09,21.46,21.7,2501200.0,19.709435678375,2501200.0
5955,2006-11-08,21.7,21.75,21.48,21.49,1450500.0,19.518699204068998,1450500.0
5956,2006-11-09,21.59,21.68,21.41,21.57,848300.0,19.59136071809,848300.0
5957,2006-11-10,21.62,21.69,21.45,21.67,448400.0,19.682187610617,448400.0
5958,2006-11-13,21.71,21.87,21.46,21.61,757500.0,19.627691475101,757500.0
5959,2006-11-14,21.61,21.69,21.42,21.64,667700.0,19.654939542859,667700.0
5960,2006-11-15,21.58,21.74,21.36,21.53,556700.0,19.555029961079,556700.0
5961,2006-11-16,21.5,21.53,21.3,21.4,369600.0,19.436955000794,369600.0
5962,2006-11-17,21.38,21.62,21.31,21.41,446200.0,19.446037690047,446200.0
5963,2006-11-20,21.5,21.66,21.4,21.51,534800.0,19.536864582574,534800.0
5964,2006-11-21,21.6,21.76,21.45,21.51,765400.0,19.536864582574,765400.0
5965,2006-11-22,21.5,21.68,21.39,21.64,725000.0,19.654939542859,725000.0
5966,2006-11-24,21.6,21.77,21.5,21.67,375900.0,19.682187610617,375900.0
5967,2006-11-27,21.6,21.65,21.23,21.35,632900.0,19.391541554531,632900.0
5968,2006-11-28,21.33,21.34,20.94,21.1,475500.0,19.164474323213,475500.0
5969,2006-11-29,21.17,21.64,21.16,21.63,554800.0,19.645856853607,554800.0
5970,2006-11-30,21.63,21.73,21.41,21.67,749900.0,19.682187610617,749900.0
5971,2006-12-01,21.55,21.67,21.12,21.37,566100.0,19.409706933036002,566100.0
5972,2006-12-04,21.36,21.66,21.36,21.58,600100.0,19.600443407343,600100.0
5973,2006-12-05,21.59,21.68,21.35,21.5,433500.0,19.527781893321,433500.0
5974,2006-12-06,21.55,21.55,21.41,21.51,408200.0,19.536864582574,408200.0
5975,2006-12-07,21.51,21.79,21.51,21.71,640100.0,19.718518367628,640100.0
5976,2006-12-08,21.71,22.14,21.66,22.06,869200.0,20.036412491473,869200.0
5977,2006-12-11,22.05,22.24,22.04,22.23,656900.0,20.190818208769,656900.0
5978,2006-12-12,22.2,22.27,22.07,22.26,1409400.0,20.218066276527,1409400.0
5979,2006-12-13,22.35,22.37,22.1,22.22,573400.0,20.181735519516,573400.0
5980,2006-12-14,22.19,22.39,22.15,22.31,300000.0,20.263479722791,300000.0
5981,2006-12-15,22.32,22.4,22.11,22.26,675800.0,20.218066276527,675800.0
5982,2006-12-18,22.22,22.34,22.16,22.22,600100.0,20.181735519516,600100.0
5983,2006-12-19,22.11,22.24,22.0,22.21,656700.0,20.172652830264,656700.0
5984,2006-12-20,22.19,22.32,22.19,22.25,353500.0,20.208983587274002,353500.0
5985,2006-12-21,22.17,22.27,21.98,22.23,651800.0,20.190818208769,651800.0
5986,2006-12-22,22.2,22.26,22.05,22.13,359800.0,20.099991316242,359800.0
5987,2006-12-26,22.12,22.3,22.04,22.26,166100.0,20.218066276527,166100.0
5988,2006-12-27,22.31,22.5,22.25,22.48,310600.0,20.417885440086998,310600.0
5989,2006-12-28,22.47,22.58,22.25,22.27,361700.0,20.22714896578,361700.0
5990,2006-12-29,22.27,22.36,22.15,22.23,406900.0,20.190818208769,406900.0
5991,2007-01-03,22.2,22.36,21.86,21.89,1534600.0,19.882006774177,1534600.0
5992,2007-01-04,21.9,22.04,21.47,21.58,1724000.0,19.600443407343,1724000.0
5993,2007-01-05,21.5,21.65,21.4,21.56,1294500.0,19.582278028838,1294500.0
5994,2007-01-08,21.57,21.62,21.32,21.46,1795000.0,19.49145113631,1795000.0
5995,2007-01-09,21.46,21.56,21.32,21.43,628700.0,19.464203068552,628700.0
5996,2007-01-10,21.45,21.45,21.28,21.4,698800.0,19.436955000794,698800.0
5997,2007-01-11,21.39,21.86,21.34,21.85,720900.0,19.845676017166,720900.0
5998,2007-01-12,21.86,22.25,21.85,22.17,762300.0,20.136322073252998,762300.0
5999,2007-01-16,22.9,23.24,22.6,22.66,1153900.0,20.581373846635,1153900.0
6000,2007-01-17,22.51,22.58,22.17,22.2,932200.0,20.22714896578,932200.0
6001,2007-01-18,22.27,22.43,22.25,22.3,817100.0,20.318262249409003,817100.0
6002,2007-01-19,22.38,22.38,22.22,22.31,587500.0,20.327373577772,587500.0
6003,2007-01-22,22.29,22.34,22.06,22.15,537000.0,20.181592323965003,537000.0
6004,2007-01-23,22.15,22.43,22.05,22.35,546000.0,20.363818891224,546000.0
6005,2007-01-24,22.35,22.77,22.35,22.67,704300.0,20.655381398838998,704300.0
6006,2007-01-25,22.67,23.05,22.5,22.7,1527200.0,20.682715383928002,1527200.0
6007,2007-01-26,23.35,23.49,22.73,23.1,1791200.0,21.047168518447002,1791200.0
6008,2007-01-29,23.11,23.49,23.06,23.38,1392100.0,21.30228571261,1392100.0
6009,2007-01-30,23.38,23.56,23.34,23.48,583300.0,21.393398996239,583300.0
6010,2007-01-31,23.49,23.94,23.4,23.87,644200.0,21.748740802395,644200.0
6011,2007-02-01,23.87,24.01,23.77,24.01,486900.0,21.876299399476,486900.0
6012,2007-02-02,24.01,24.14,23.91,23.97,1146900.0,21.839854086023998,1146900.0
6013,2007-02-05,23.97,24.02,23.91,23.99,628500.0,21.85807674275,628500.0
6014,2007-02-06,24.07,24.12,23.97,24.0,719700.0,21.867188071113,719700.0
6015,2007-02-07,23.99,24.08,23.89,23.99,1102600.0,21.85807674275,1102600.0
6016,2007-02-08,23.99,24.1,23.89,24.08,832600.0,21.940078698017,832600.0
6017,2007-02-09,24.15,24.25,24.01,24.16,540500.0,22.012969324921,540500.0
6018,2007-02-12,24.09,24.24,24.01,24.2,594100.0,22.049414638372998,594100.0
6019,2007-02-13,24.15,24.25,24.05,24.25,458000.0,22.094971280187,458000.0
6020,2007-02-14,24.25,24.45,24.23,24.42,535300.0,22.249863862357998,535300.0
6021,2007-02-15,24.43,24.48,24.32,24.34,434800.0,22.176973235454,434800.0
6022,2007-02-16,24.24,24.44,23.94,24.27,506300.0,22.113193936913,506300.0
6023,2007-02-20,24.2,24.57,24.19,24.54,749400.0,22.359199802712997,749400.0
6024,2007-02-21,24.5,24.66,24.37,24.45,634300.0,22.277197847447,634300.0
6025,2007-02-22,24.43,24.58,24.34,24.56,844500.0,22.377422459439,844500.0
6026,2007-02-23,24.59,24.6,24.35,24.54,480100.0,22.359199802712997,480100.0
6027,2007-02-26,24.51,24.56,24.24,24.43,402900.0,22.258975190721003,402900.0
6028,2007-02-27,24.36,24.37,23.35,23.62,702000.0,21.520957593321,702000.0
6029,2007-02-28,23.63,23.81,23.37,23.74,873400.0,21.630293533676,873400.0
6030,2007-03-01,23.51,23.64,22.77,23.56,797800.0,21.466289623143002,797800.0
6031,2007-03-02,23.56,23.6,23.25,23.26,476700.0,21.192949772254,476700.0
6032,2007-03-05,23.22,23.34,22.87,22.87,1246400.0,20.837607966098002,1246400.0
6033,2007-03-06,22.97,23.2,22.95,23.17,1092100.0,21.110947816987,1092100.0
6034,2007-03-07,23.15,23.25,23.07,23.17,830600.0,21.110947816987,830600.0
6035,2007-03-08,23.24,23.33,23.14,23.22,1824900.0,21.156504458802,1824900.0
6036,2007-03-09,23.3,23.4,23.18,23.25,812300.0,21.183838443891002,812300.0
6037,2007-03-12,23.2,23.38,23.15,23.37,586600.0,21.293174384247,586600.0
6038,2007-03-13,23.3,23.34,23.16,23.19,541300.0,21.129170473713,541300.0
6039,2007-03-14,23.21,23.28,22.91,23.2,420300.0,21.138281802076,420300.0
6040,2007-03-15,23.23,23.35,23.2,23.27,343200.0,21.202061100617,343200.0
6041,2007-03-16,23.28,23.37,23.2,23.25,455500.0,21.183838443891002,455500.0
6042,2007-03-19,23.37,23.64,23.32,23.61,389000.0,21.511846264958,389000.0
6043,2007-03-20,23.61,23.61,23.31,23.56,279000.0,21.466289623143002,279000.0
6044,2007-03-21,23.49,24.22,23.48,24.13,545800.0,21.985635339832,545800.0
6045,2007-03-22,24.11,24.27,23.88,24.16,662700.0,22.012969324921,662700.0
6046,2007-03-23,24.12,24.41,24.0,24.38,342000.0,22.213418548906002,342000.0
6047,2007-03-26,24.29,24.35,23.99,24.16,394400.0,22.012969324921,394400.0
6048,2007-03-27,24.15,24.2,23.98,24.08,388200.0,21.940078698017,388200.0
6049,2007-03-28,24.05,24.12,23.81,24.0,335700.0,21.867188071113,335700.0
6050,2007-03-29,24.1,24.12,23.8,23.97,250600.0,21.839854086023998,250600.0
6051,2007-03-30,23.98,24.36,23.98,24.22,566200.0,22.067637295098,566200.0
6052,2007-04-02,24.13,24.21,23.86,24.2,526200.0,22.049414638372998,526200.0
6053,2007-04-03,24.21,24.49,24.1,24.44,807600.0,22.268086519084,807600.0
6054,2007-04-04,24.45,24.55,24.37,24.54,694000.0,22.359199802712997,694000.0
6055,2007-04-05,24.54,24.95,24.43,24.67,1286900.0,22.477647071432,1286900.0
6056,2007-04-09,24.67,24.79,24.63,24.68,1665700.0,22.486758399794997,1665700.0
6057,2007-04-10,24.74,24.85,24.55,24.6,1437000.0,22.413867772891003,1437000.0
6058,2007-04-11,24.57,24.71,24.4,24.43,648200.0,22.258975190721003,648200.0
6059,2007-04-12,24.44,24.69,24.34,24.66,1087300.0,22.468535743069,1087300.0
6060,2007-04-13,24.65,25.41,24.56,25.14,1633600.0,22.905879504491,1633600.0
6061,2007-04-16,25.12,25.23,25.0,25.08,869100.0,22.851211534313002,869100.0
6062,2007-04-17,25.02,25.25,24.89,24.99,877200.0,22.769209579046997,877200.0
6063,2007-04-18,24.93,24.98,24.83,24.95,578900.0,22.796543564135998,578900.0
6064,2007-04-19,25.5,25.5,24.58,24.72,748800.0,22.58639506635,748800.0
6065,2007-04-20,24.24,26.44,24.24,24.93,1037200.0,22.778269781718997,1037200.0
6066,2007-04-23,24.8,24.94,24.77,24.83,603800.0,22.686900869639,603800.0
6067,2007-04-24,24.96,25.04,24.64,24.79,692100.0,22.650353304806,692100.0
6068,2007-04-25,24.8,25.03,24.64,24.95,626900.0,22.796543564135998,626900.0
6069,2007-04-26,24.94,25.1,24.89,24.97,546600.0,22.814817346552,546600.0
6070,2007-04-27,24.9,25.0,24.46,24.49,1172700.0,22.376246568564,1172700.0
6071,2007-04-30,24.55,24.55,24.12,24.2,1164500.0,22.11127672353,1164500.0
6072,2007-05-01,24.2,24.39,24.15,24.31,1011100.0,22.211782526819,1011100.0
6073,2007-05-02,24.33,25.2,24.33,25.02,1590300.0,22.860501802592,1590300.0
6074,2007-05-03,25.02,25.24,25.0,25.11,568700.0,22.942733823464998,568700.0
6075,2007-05-04,25.14,25.27,25.11,25.16,472600.0,22.988418279505,472600.0
6076,2007-05-07,25.11,25.43,25.11,25.29,344100.0,23.10719786521,344100.0
6077,2007-05-08,25.29,25.29,25.05,25.19,259400.0,23.015828953129002,259400.0
6078,2007-05-09,25.19,25.41,25.15,25.35,470300.0,23.162019212458,470300.0
6079,2007-05-10,25.04,25.2,24.98,25.1,886200.0,22.933596932257,886200.0
6080,2007-05-11,25.22,25.43,25.08,25.4,400600.0,23.207703668498997,400600.0
6081,2007-05-14,25.4,25.42,25.08,25.13,434300.0,22.961007605881,434300.0
6082,2007-05-15,25.23,25.49,25.16,25.39,548700.0,23.198566777291003,548700.0
6083,2007-05-16,25.38,25.63,25.3,25.63,558900.0,23.417852166284,558900.0
6084,2007-05-17,25.64,25.64,25.19,25.32,497400.0,23.134608538833998,497400.0
6085,2007-05-18,25.34,25.58,25.3,25.55,499900.0,23.344757036620003,499900.0
6086,2007-05-21,25.52,25.8,25.44,25.54,631600.0,23.335620145412,631600.0
6087,2007-05-22,25.46,25.69,25.31,25.65,466400.0,23.436125948701,466400.0
6088,2007-05-23,25.78,26.21,25.71,26.0,1471700.0,23.755917140983,1471700.0
6089,2007-05-24,26.0,26.29,25.93,26.0,795400.0,23.755917140983,795400.0
6090,2007-05-25,26.06,26.11,25.88,26.02,270200.0,23.774190923399,270200.0
6091,2007-05-29,26.01,26.27,26.01,26.1,427700.0,23.847286053064,427700.0
6092,2007-05-30,26.03,26.43,25.89,26.36,632900.0,24.084845224474,632900.0
6093,2007-05-31,26.38,26.6,26.35,26.51,928500.0,24.221898592595,928500.0
6094,2007-06-01,26.51,26.95,26.51,26.91,770900.0,24.587374240917,770900.0
6095,2007-06-04,26.81,27.11,26.79,26.91,1486500.0,24.587374240917,1486500.0
6096,2007-06-05,26.8,26.87,26.48,26.68,581000.0,24.377225743132,581000.0
6097,2007-06-06,26.68,26.75,26.44,26.46,801500.0,24.176214136553998,801500.0
6098,2007-06-07,26.44,26.61,26.25,26.38,1018400.0,24.10311900689,1018400.0
6099,2007-06-08,26.4,26.64,26.31,26.64,609400.0,24.3406781783,609400.0
6100,2007-06-11,26.64,26.64,26.34,26.48,699100.0,24.194487918970005,699100.0
6101,2007-06-12,26.37,26.49,26.22,26.36,515500.0,24.084845224474,515500.0
6102,2007-06-13,26.53,26.65,26.2,26.65,508100.0,24.349815069508,508100.0
6103,2007-06-14,26.65,26.79,26.61,26.68,265600.0,24.377225743132,265600.0
6104,2007-06-15,26.9,27.08,26.77,26.83,586000.0,24.514279111253,586000.0
6105,2007-06-18,26.84,26.89,26.65,26.66,466000.0,24.358951960716,466000.0
6106,2007-06-19,26.66,26.75,26.51,26.66,572800.0,24.358951960716,572800.0
6107,2007-06-20,26.7,26.74,26.39,26.39,429800.0,24.112255898098002,429800.0
6108,2007-06-21,26.39,26.55,26.32,26.44,774600.0,24.157940354138,774600.0
6109,2007-06-22,26.44,26.44,26.09,26.14,752100.0,23.883833617896,752100.0
6110,2007-06-25,26.15,26.21,25.78,25.88,630000.0,23.646274446486,630000.0
6111,2007-06-26,25.88,26.11,25.79,25.79,817700.0,23.564042425613998,817700.0
6112,2007-06-27,25.7,25.78,25.41,25.64,1181700.0,23.426989057491998,1181700.0
6113,2007-06-28,25.65,25.99,25.57,25.85,805600.0,23.618863772862,805600.0
6114,2007-06-29,25.86,26.25,25.86,26.06,1280700.0,23.810738488231,1280700.0
6115,2007-07-02,26.13,26.52,26.07,26.46,1129200.0,24.176214136553998,1129200.0
6116,2007-07-03,26.47,26.76,26.47,26.71,452400.0,24.404636416756002,452400.0
6117,2007-07-05,26.7,27.04,26.65,26.98,779600.0,24.651332479374,779600.0
6118,2007-07-06,26.99,27.37,26.89,27.32,570200.0,24.961986780447997,570200.0
6119,2007-07-09,27.3,27.3,26.91,27.02,328900.0,24.687880044206,328900.0
6120,2007-07-10,26.96,27.14,26.85,26.91,677700.0,24.587374240917,677700.0
6121,2007-07-11,26.94,27.27,26.92,27.2,510000.0,24.852344085951,510000.0
6122,2007-07-12,27.32,27.67,27.2,27.67,518400.0,25.281777972731,518400.0
6123,2007-07-13,27.6,27.73,27.36,27.36,558100.0,24.998534345281,558100.0
6124,2007-07-16,27.36,27.52,27.2,27.28,388200.0,24.925439215616002,388200.0
6125,2007-07-17,27.23,27.34,27.1,27.28,473300.0,24.925439215616002,473300.0
6126,2007-07-18,26.32,27.25,26.32,27.15,629400.0,24.870617868368,629400.0
6127,2007-07-19,27.2,27.3,26.96,26.99,580500.0,24.724050691243,580500.0
6128,2007-07-20,26.98,27.07,26.76,26.78,713200.0,24.531681271266,713200.0
6129,2007-07-23,26.96,27.1,26.91,27.01,857600.0,24.742371588383,857600.0
6130,2007-07-24,27.16,27.3,26.8,26.85,881100.0,24.595804411259,881100.0
6131,2007-07-25,27.16,27.53,26.92,27.13,1005400.0,24.852296971227002,1005400.0
6132,2007-07-26,27.0,27.24,26.2,26.21,1043000.0,24.009535702759,1043000.0
6133,2007-07-27,27.72,28.3,26.53,27.95,2968000.0,25.603453753992,2968000.0
6134,2007-07-30,28.09,28.52,27.82,28.48,1553800.0,26.088957528218003,1553800.0
6135,2007-07-31,28.61,28.61,27.79,27.83,1240900.0,25.493528371148,1240900.0
6136,2007-08-01,27.85,28.3,27.62,28.1,1182400.0,25.740860482546,1182400.0
6137,2007-08-02,27.21,28.56,27.21,28.54,1160100.0,26.143920219639,1160100.0
6138,2007-08-03,27.65,28.67,27.65,28.05,1091500.0,25.695058239695,1091500.0
6139,2007-08-06,28.04,28.33,27.49,27.96,1383500.0,25.612614202562,1383500.0
6140,2007-08-07,27.75,27.8,26.97,27.03,2058900.0,24.760692485524,2058900.0
6141,2007-08-08,27.11,27.15,26.6,27.04,2080300.0,24.769852934094,2080300.0
6142,2007-08-09,27.93,27.93,25.65,26.83,2505600.0,24.577483514118,2505600.0
6143,2007-08-10,26.42,27.52,26.18,27.44,1551000.0,25.136270876906,1551000.0
6144,2007-08-13,27.33,27.91,27.05,27.67,942800.0,25.346961194023,942800.0
6145,2007-08-14,27.85,28.43,27.53,27.53,917600.0,25.218714914039,917600.0
6146,2007-08-15,27.57,27.71,26.42,26.52,544300.0,24.293509608439003,544300.0
6147,2007-08-16,26.38,26.85,25.95,26.8,1412500.0,24.550002168407,1412500.0
6148,2007-08-17,27.15,27.88,27.0,27.88,1135200.0,25.539330614,1135200.0
6149,2007-08-20,27.87,28.17,27.57,28.02,691600.0,25.667576893984,691600.0
6150,2007-08-21,27.91,28.15,27.64,27.74,720300.0,25.411084334015,720300.0
6151,2007-08-22,27.81,27.94,27.46,27.74,472700.0,25.411084334015,472700.0
6152,2007-08-23,27.84,27.95,27.68,27.74,529300.0,25.411084334015,529300.0
6153,2007-08-24,27.75,27.92,27.7,27.89,523900.0,25.54849106257,523900.0
6154,2007-08-27,27.85,27.86,27.64,27.64,392200.0,25.319479848312,392200.0
6155,2007-08-28,27.58,27.67,27.05,27.06,597300.0,24.788173831235,597300.0
6156,2007-08-29,27.27,27.7,27.27,27.7,857700.0,25.374442539734,857700.0
6157,2007-08-30,27.56,27.95,27.51,27.72,510100.0,25.392763436875,510100.0
6158,2007-08-31,27.75,27.82,27.0,27.41,1055000.0,25.108789531195,1055000.0
6159,2007-09-04,27.27,27.5,27.24,27.48,908300.0,25.172912671188,908300.0
6160,2007-09-05,27.36,27.58,27.18,27.5,987800.0,25.191233568328,987800.0
6161,2007-09-06,27.51,27.93,27.5,27.93,786800.0,25.585132856851,786800.0
6162,2007-09-07,27.55,27.78,27.08,27.12,494100.0,24.843136522656998,494100.0
6163,2007-09-10,27.25,27.38,27.0,27.15,607500.0,24.870617868368,607500.0
6164,2007-09-11,27.21,27.47,27.16,27.42,426800.0,25.117949979766003,426800.0
6165,2007-09-12,27.27,27.67,27.03,27.55,625200.0,25.23703581118,625200.0
6166,2007-09-13,27.61,27.81,27.48,27.74,399600.0,25.411084334015,399600.0
6167,2007-09-14,27.55,28.1,27.55,28.06,516500.0,25.704218688264998,516500.0
6168,2007-09-17,27.92,28.05,27.82,27.89,583900.0,25.54849106257,583900.0
6169,2007-09-18,27.93,28.65,27.93,28.59,1210600.0,26.189722462491,1210600.0
6170,2007-09-19,28.9,29.48,28.75,29.35,861300.0,26.885916553834,861300.0
6171,2007-09-20,29.37,30.0,29.16,29.3,1434800.0,26.840114310982,1434800.0
6172,2007-09-21,29.63,29.63,28.98,28.98,975600.0,26.546979956732997,975600.0
6173,2007-09-24,29.07,29.07,28.29,28.48,746600.0,26.088957528218003,746600.0
6174,2007-09-25,28.54,28.74,28.31,28.49,752200.0,26.098117976788,752200.0
6175,2007-09-26,28.66,29.18,28.51,29.16,887600.0,26.711868030998,887600.0
6176,2007-09-27,29.33,29.33,28.95,29.1,515500.0,26.656905339576,515500.0
6177,2007-09-28,29.18,29.39,29.12,29.21,596000.0,26.757670273850003,596000.0
6178,2007-10-01,29.25,29.99,29.2,29.86,674600.0,27.353099430919,674600.0
6179,2007-10-02,29.99,29.99,27.5,28.91,1762900.0,26.482856816741,1762900.0
6180,2007-10-03,28.92,29.0,28.38,28.61,944500.0,26.208043359632,944500.0
6181,2007-10-04,28.62,28.94,28.62,28.82,479700.0,26.400412779608,479700.0
6182,2007-10-05,29.06,29.26,28.65,29.05,439800.0,26.611103096725007,439800.0
6183,2007-10-08,29.15,29.15,28.71,28.94,709300.0,26.510338162451,709300.0
6184,2007-10-09,28.97,29.2,28.71,29.17,556100.0,26.721028479567998,556100.0
6185,2007-10-10,29.16,29.24,28.37,28.54,923600.0,26.143920219639,923600.0
6186,2007-10-11,28.62,28.84,28.14,28.21,554700.0,25.84162541682,554700.0
6187,2007-10-12,28.28,28.68,28.23,28.64,405900.0,26.235524705342,405900.0
6188,2007-10-15,28.72,28.78,28.06,28.21,476500.0,25.84162541682,476500.0
6189,2007-10-16,28.25,28.79,28.1,28.66,717800.0,26.253845602483,717800.0
6190,2007-10-17,28.73,28.97,28.47,28.9,804700.0,26.537819508162,804700.0
6191,2007-10-18,28.89,29.3,28.87,29.19,412700.0,26.804115966894997,412700.0
6192,2007-10-19,29.16,29.26,28.55,28.55,878300.0,26.216427230382,878300.0
6193,2007-10-22,28.47,28.59,28.24,28.55,595500.0,26.216427230382,595500.0
6194,2007-10-23,28.78,29.52,28.39,29.5,1085300.0,27.088777698642996,1085300.0
6195,2007-10-24,29.32,29.64,28.73,29.54,1041300.0,27.125508244675004,1041300.0
6196,2007-10-25,29.47,29.54,28.18,29.27,1154500.0,26.877577058958998,1154500.0
6197,2007-10-26,29.0,29.14,27.42,27.82,1688300.0,25.546094765297,1688300.0
6198,2007-10-29,27.86,28.05,27.79,27.93,1224600.0,25.647103766885,1224600.0
6199,2007-10-30,27.91,27.93,27.79,27.83,910200.0,25.555277401805,910200.0
6200,2007-10-31,27.74,27.89,27.1,27.52,1737600.0,25.270615670056,1737600.0
6201,2007-11-01,27.37,27.42,26.7,26.74,902800.0,24.554370022431,902800.0
6202,2007-11-02,27.58,27.6,26.67,26.95,1433900.0,24.7472053891,1433900.0
6203,2007-11-05,27.0,27.83,26.9,27.73,1627100.0,25.463451036725,1627100.0
6204,2007-11-06,27.79,28.14,27.49,28.08,1079600.0,25.784843314505,1079600.0
6205,2007-11-07,27.87,28.56,27.84,27.84,1137900.0,25.564460038312998,1137900.0
6206,2007-11-08,27.79,28.17,27.64,28.1,1136400.0,25.803208587521,1136400.0
6207,2007-11-09,27.87,28.18,27.53,27.53,784200.0,25.279798306564,784200.0
6208,2007-11-12,27.5,27.61,26.86,26.86,1263600.0,24.664561660527,1263600.0
6209,2007-11-13,26.99,27.04,26.44,27.03,1016300.0,24.820666481163997,1016300.0
6210,2007-11-14,27.09,27.2,26.95,26.98,727000.0,24.774753298624,727000.0
6211,2007-11-15,26.86,27.23,26.65,26.78,594200.0,24.591100568463002,594200.0
6212,2007-11-16,26.97,27.13,26.75,27.02,686100.0,24.811483844656,686100.0
6213,2007-11-19,26.9,26.9,26.52,26.64,916000.0,24.462543657351,916000.0
6214,2007-11-20,26.6,26.96,26.37,26.76,1330200.0,24.572735295447,1330200.0
6215,2007-11-21,26.59,26.85,26.47,26.56,953700.0,24.389082565286998,953700.0
6216,2007-11-23,26.66,26.94,26.47,26.94,227700.0,24.738022752592002,227700.0
6217,2007-11-26,26.76,26.94,26.38,26.38,991700.0,24.223795108143,991700.0
6218,2007-11-27,26.46,26.91,26.33,26.87,1493100.0,24.673744297034997,1493100.0
6219,2007-11-28,26.87,27.57,26.78,27.56,756100.0,25.307346216088,756100.0
6220,2007-11-29,27.42,27.64,27.1,27.19,1038100.0,24.967588665292002,1038100.0
6221,2007-11-30,27.49,27.52,27.09,27.28,731200.0,25.050232393864004,731200.0
6222,2007-12-03,27.21,27.31,27.0,27.18,435800.0,24.958406028783997,435800.0
6223,2007-12-04,27.07,27.07,26.42,26.43,922800.0,24.269708290683,922800.0
6224,2007-12-05,26.57,26.83,26.52,26.77,902900.0,24.581917931954997,902900.0
6225,2007-12-06,26.76,27.08,26.65,27.07,1015700.0,24.857397027196,1015700.0
6226,2007-12-07,27.07,27.14,26.48,26.51,851300.0,24.343169382747,851300.0
6227,2007-12-10,26.54,26.72,26.51,26.59,644800.0,24.416630474811,644800.0
6228,2007-12-11,26.53,26.63,25.1,25.16,2634100.0,23.103513454165,2634100.0
6229,2007-12-12,25.58,25.58,24.29,24.73,2377600.0,22.70866008432,2377600.0
6230,2007-12-13,24.53,24.68,24.17,24.62,1956000.0,22.607651082732,1956000.0
6231,2007-12-14,25.24,26.19,25.14,25.66,2236000.0,23.562645279566002,2236000.0
6232,2007-12-17,25.65,25.65,24.98,24.98,1141400.0,22.938225997020997,1141400.0
6233,2007-12-18,25.04,25.08,24.61,24.63,1245600.0,22.61683371924,1245600.0
6234,2007-12-19,24.68,25.18,24.57,25.1,917100.0,23.048417635117,917100.0
6235,2007-12-20,25.23,25.37,25.03,25.26,781600.0,23.195339819245,781600.0
6236,2007-12-21,25.48,25.88,25.47,25.88,1298200.0,23.764663282742,1298200.0
6237,2007-12-24,26.1,26.1,25.77,25.92,174500.0,23.801393828774,174500.0
6238,2007-12-26,25.81,26.09,25.81,26.03,379800.0,23.902402830362,379800.0
6239,2007-12-27,25.89,26.13,25.85,25.97,776900.0,23.847307011314,776900.0
6240,2007-12-28,26.18,26.25,26.01,26.13,732100.0,23.994229195442,732100.0
6241,2007-12-31,25.98,26.21,25.96,26.02,684800.0,23.893220193854,684800.0
6242,2008-01-02,25.8,26.01,25.24,25.53,1253600.0,23.443271004960998,1253600.0
6243,2008-01-03,25.79,25.79,25.06,25.18,1671500.0,23.121878727181002,1671500.0
6244,2008-01-04,24.87,24.99,24.43,24.49,1657800.0,22.488276808128,1657800.0
6245,2008-01-07,24.59,24.85,24.45,24.78,1553500.0,22.75457326686,1553500.0
6246,2008-01-08,24.7,25.19,24.7,24.88,1580100.0,22.84639963194,1580100.0
6247,2008-01-09,24.96,25.55,24.77,25.43,1105500.0,23.351444639881002,1105500.0
6248,2008-01-10,25.2,26.05,25.2,25.74,1631100.0,23.63610637163,1631100.0
6249,2008-01-11,25.44,25.56,25.27,25.35,729900.0,23.277983547817,729900.0
6250,2008-01-14,25.47,25.83,25.28,25.79,852400.0,23.682019554170004,852400.0
6251,2008-01-15,25.52,25.77,25.48,25.52,1052900.0,23.434088368453,1052900.0
6252,2008-01-16,25.5,25.98,25.49,25.65,777400.0,23.617741098614,777400.0
6253,2008-01-17,25.68,25.78,24.96,25.0,1230500.0,23.019240836855,1230500.0
6254,2008-01-18,24.95,24.99,24.08,24.34,1379600.0,22.411532878762998,1379600.0
6255,2008-01-22,23.44,23.86,23.05,23.27,1614200.0,21.426309370945,1614200.0
6256,2008-01-23,22.35,23.07,21.88,23.0,2011000.0,21.177701569907,2011000.0
6257,2008-01-24,22.84,23.68,22.7,22.7,1478600.0,20.901470679865,1478600.0
6258,2008-01-25,26.99,27.25,24.95,26.68,3957000.0,24.566133821092,3957000.0
6259,2008-01-28,27.1,27.21,25.58,25.7,2345900.0,23.663779580287,2345900.0
6260,2008-01-29,25.64,25.68,24.36,24.86,1822100.0,22.890333088168997,1822100.0
6261,2008-01-30,24.83,25.11,24.51,24.55,1105900.0,22.604894501792003,1105900.0
6262,2008-01-31,24.53,25.11,24.04,24.82,2083800.0,22.853502302829998,2083800.0
6263,2008-02-01,24.95,25.46,24.74,25.36,1087700.0,23.350717904906002,1087700.0
6264,2008-02-04,25.29,25.85,25.27,25.69,1508200.0,23.654571883953,1508200.0
6265,2008-02-05,25.54,25.95,25.32,25.53,1240600.0,23.507248742597,1240600.0
6266,2008-02-06,25.6,26.0,25.29,25.41,1100000.0,23.39675638658,1100000.0
6267,2008-02-07,25.23,25.71,25.11,25.67,877700.0,23.636156491283003,877700.0
6268,2008-02-08,25.51,25.7,25.22,25.32,1187700.0,23.313887119567,1187700.0
6269,2008-02-11,25.23,25.72,25.15,25.66,649400.0,23.626948794948,649400.0
6270,2008-02-12,25.75,25.81,25.11,25.52,941200.0,23.498041046262003,941200.0
6271,2008-02-13,25.71,25.88,25.23,25.83,979300.0,23.783479632638997,979300.0
6272,2008-02-14,25.73,25.99,25.25,25.38,676900.0,23.369133297576,676900.0
6273,2008-02-15,25.21,25.45,25.15,25.4,459800.0,23.387548690244998,459800.0
6274,2008-02-19,25.58,25.75,25.39,25.44,604100.0,23.424379475584,604100.0
6275,2008-02-20,25.44,25.61,25.05,25.61,569600.0,23.580910313274998,569600.0
6276,2008-02-21,25.6,25.66,24.84,24.98,1050400.0,23.000825444186002,1050400.0
6277,2008-02-22,24.92,25.09,24.55,24.98,583500.0,23.000825444186002,583500.0
6278,2008-02-25,25.2,25.2,24.86,25.0,841200.0,23.019240836855,841200.0
6279,2008-02-26,24.94,25.14,24.88,24.98,994700.0,23.000825444186002,994700.0
6280,2008-02-27,24.9,25.25,24.89,25.01,978100.0,23.028448533189998,978100.0
6281,2008-02-28,24.97,24.99,24.47,24.82,769300.0,22.853502302829998,769300.0
6282,2008-02-29,24.61,25.22,24.55,24.82,1046200.0,22.853502302829998,1046200.0
6283,2008-03-03,24.69,24.88,24.39,24.58,602700.0,22.632517590796,602700.0
6284,2008-03-04,24.39,24.8,24.35,24.76,740600.0,22.798256124822,740600.0
6285,2008-03-05,24.92,25.05,24.73,25.01,1125100.0,23.028448533189998,1125100.0
6286,2008-03-06,24.86,25.17,24.86,25.03,1220700.0,23.04686392586,1220700.0
6287,2008-03-07,24.91,24.91,23.92,24.01,1498100.0,22.107678899716,1498100.0
6288,2008-03-10,23.96,24.05,23.02,23.02,1422300.0,21.196116962577,1422300.0
6289,2008-03-11,23.33,23.63,23.22,23.58,1097000.0,21.711747957322,1097000.0
6290,2008-03-12,23.79,23.81,23.44,23.56,859100.0,21.693332564653,859100.0
6291,2008-03-13,23.37,24.21,23.13,24.13,1073200.0,22.218171255732997,1073200.0
6292,2008-03-14,24.11,24.36,23.18,23.35,969200.0,21.499970941623,969200.0
6293,2008-03-17,23.29,23.36,22.86,22.96,921300.0,21.140870784568,921300.0
6294,2008-03-18,23.37,23.39,22.83,23.36,941500.0,21.509178637958,941500.0
6295,2008-03-19,23.6,23.64,23.18,23.18,1027600.0,21.343440103932,1027600.0
6296,2008-03-20,24.65,24.65,22.95,23.29,1228500.0,21.444724763615,1228500.0
6297,2008-03-24,23.34,23.76,23.24,23.68,908300.0,21.80382492067,908300.0
6298,2008-03-25,23.8,23.95,23.65,23.81,650200.0,21.923524973021003,650200.0
6299,2008-03-26,24.7,24.7,23.29,24.0,1231000.0,22.098471203381,1231000.0
6300,2008-03-27,23.97,24.25,23.79,24.03,685300.0,22.126094292385,685300.0
6301,2008-03-28,24.16,24.46,23.94,24.14,926500.0,22.227378952068,926500.0
6302,2008-03-31,24.18,24.38,23.79,24.25,1023600.0,22.328663611750002,1023600.0
6303,2008-04-01,24.36,25.06,24.25,25.06,1000600.0,23.074487014864,1000600.0
6304,2008-04-02,25.15,25.41,24.82,25.27,1105000.0,23.267848637894,1105000.0
6305,2008-04-03,25.21,25.68,25.17,25.49,1535400.0,23.470417957258,1535400.0
6306,2008-04-04,25.42,25.66,25.25,25.53,671000.0,23.507248742597,671000.0
6307,2008-04-07,25.62,25.67,25.29,25.48,852300.0,23.461210260923,852300.0
6308,2008-04-08,25.3,25.35,25.09,25.32,947200.0,23.313887119567,947200.0
6309,2008-04-09,25.25,25.48,25.01,25.26,835900.0,23.258640941559,835900.0
6310,2008-04-10,25.36,25.36,25.01,25.25,580400.0,23.249433245223997,580400.0
6311,2008-04-11,25.01,25.35,24.61,24.7,711200.0,22.743009946813,711200.0
6312,2008-04-14,24.64,24.97,24.51,24.81,496700.0,22.844294606494998,496700.0
6313,2008-04-15,24.7,24.77,23.69,24.09,1317700.0,22.181340470394,1317700.0
6314,2008-04-16,24.24,24.66,24.01,24.65,2090800.0,22.761425339482997,2090800.0
6315,2008-04-17,24.72,24.75,24.42,24.58,665100.0,22.696788431825,665100.0
6316,2008-04-18,25.03,25.29,24.73,25.12,909500.0,23.195416005185,909500.0
6317,2008-04-21,25.0,25.23,24.78,25.12,819500.0,23.195416005185,819500.0
6318,2008-04-22,24.95,25.02,24.49,24.53,755700.0,22.650619212069,755700.0
6319,2008-04-23,24.73,25.51,24.48,25.35,1368900.0,23.40779441606,1368900.0
6320,2008-04-24,25.27,25.27,24.39,25.03,1277200.0,23.112311409625,1277200.0
6321,2008-04-25,26.82,28.5,26.26,27.48,3714800.0,25.374603177645998,3714800.0
6322,2008-04-28,27.55,27.55,26.9,27.01,1324500.0,24.940612511944,1324500.0
6323,2008-04-29,27.0,27.0,25.98,26.74,1698800.0,24.691298725264,1698800.0
6324,2008-04-30,26.63,27.0,26.41,26.56,1195100.0,24.525089534144,1195100.0
6325,2008-05-01,26.38,27.08,26.27,27.03,1924300.0,24.959080199847,1924300.0
6326,2008-05-02,27.37,27.49,26.72,26.79,1140300.0,24.737467945020004,1140300.0
6327,2008-05-05,26.92,27.28,26.42,27.08,1288200.0,25.005249419602,1288200.0
6328,2008-05-06,26.88,27.6,26.8,27.55,1275200.0,25.439240085303997,1275200.0
6329,2008-05-07,27.69,27.78,26.96,27.05,759100.0,24.977547887749,759100.0
6330,2008-05-08,27.01,27.22,26.87,27.19,537300.0,25.106821703064,537300.0
6331,2008-05-09,27.14,27.23,26.86,27.09,637400.0,25.014483263553,637400.0
6332,2008-05-12,27.2,27.38,26.78,27.34,620900.0,25.245329362331,620900.0
6333,2008-05-13,27.51,27.71,27.03,27.3,919600.0,25.208393986525998,919600.0
6334,2008-05-14,27.56,28.44,27.3,28.22,2174900.0,26.057907630028,2174900.0
6335,2008-05-15,28.26,28.42,27.95,28.26,709500.0,26.094843005833006,709500.0
6336,2008-05-16,28.21,28.35,27.86,27.95,773600.0,25.808593843348998,773600.0
6337,2008-05-19,28.07,28.74,27.81,28.46,1171900.0,26.279519884855,1171900.0
6338,2008-05-20,28.37,28.74,27.97,28.11,1163500.0,25.956335346566,1163500.0
6339,2008-05-21,28.11,28.36,27.73,27.81,965000.0,25.679320028033,965000.0
6340,2008-05-22,27.79,28.03,27.59,27.99,694700.0,25.845529219153,694700.0
6341,2008-05-23,28.0,28.56,27.9,28.41,1471000.0,26.2333506651,1471000.0
6342,2008-05-27,28.37,28.88,28.37,28.83,1015500.0,26.621172111046,1015500.0
6343,2008-05-28,28.85,28.96,28.04,28.31,1602300.0,26.141012225588003,1602300.0
6344,2008-05-29,28.51,28.51,27.99,28.24,1344600.0,26.076375317931,1344600.0
6345,2008-05-30,28.21,28.38,27.9,28.28,913500.0,26.113310693735,913500.0
6346,2008-06-02,28.43,28.58,28.18,28.35,786900.0,26.177947601392997,786900.0
6347,2008-06-03,28.51,28.72,28.3,28.61,1108200.0,26.418027544122,1108200.0
6348,2008-06-04,28.6,29.17,28.5,28.95,1396600.0,26.731978238459,1396600.0
6349,2008-06-05,28.94,29.24,28.72,29.15,1171900.0,26.916655117481998,1171900.0
6350,2008-06-06,28.96,28.97,28.24,28.24,840900.0,26.076375317931,840900.0
6351,2008-06-09,28.35,28.35,27.7,27.87,915800.0,25.734723091739998,915800.0
6352,2008-06-10,27.54,27.76,27.49,27.69,930500.0,25.56851390062,930500.0
6353,2008-06-11,27.53,28.36,27.48,27.69,1712900.0,25.56851390062,1712900.0
6354,2008-06-12,27.93,28.98,27.84,28.5,1444100.0,26.31645526066,1444100.0
6355,2008-06-13,28.58,29.02,28.38,28.7,1267800.0,26.501132139682003,1267800.0
6356,2008-06-16,28.6,29.05,28.4,29.03,690300.0,26.805848990068,690300.0
6357,2008-06-17,29.23,29.45,28.91,29.0,1344600.0,26.778147458215,1344600.0
6358,2008-06-18,28.99,29.09,28.67,28.67,921700.0,26.473430607828004,921700.0
6359,2008-06-19,28.67,29.0,28.67,28.87,561500.0,26.658107486851,561500.0
6360,2008-06-20,28.0,29.11,27.79,28.41,751800.0,26.2333506651,751800.0
6361,2008-06-23,28.47,28.6,28.3,28.46,860500.0,26.279519884855,860500.0
6362,2008-06-24,28.41,28.48,27.97,28.41,914000.0,26.2333506651,914000.0
6363,2008-06-25,28.42,28.91,28.2,28.78,980300.0,26.575002891291,980300.0
6364,2008-06-26,28.52,28.66,27.86,27.86,764600.0,25.725489247789007,764600.0
6365,2008-06-27,27.96,27.96,27.22,27.71,1108500.0,25.586981588522,1108500.0
6366,2008-06-30,27.64,28.08,27.4,27.85,767800.0,25.716255403837,767800.0
6367,2008-07-01,27.59,27.7,27.02,27.5,1085100.0,25.393070865549003,1085100.0
6368,2008-07-02,27.57,28.04,27.36,27.98,1294100.0,25.836295375202,1294100.0
6369,2008-07-03,28.0,28.17,27.81,28.08,800600.0,25.928633814713002,800600.0
6370,2008-07-07,28.19,28.39,27.81,28.11,1519700.0,25.956335346566,1519700.0
6371,2008-07-08,28.06,28.52,27.93,28.52,880500.0,26.334922948562003,880500.0
6372,2008-07-09,28.54,28.69,28.32,28.32,969700.0,26.15024606954,969700.0
6373,2008-07-10,28.42,29.02,28.15,28.99,2313300.0,26.768913614264,2313300.0
6374,2008-07-11,28.74,28.74,28.1,28.27,2188800.0,26.104076849784,2188800.0
6375,2008-07-14,28.35,28.46,27.52,27.55,1569400.0,25.439240085303997,1569400.0
6376,2008-07-15,27.38,27.58,27.03,27.33,1642000.0,25.236095518379997,1642000.0
6377,2008-07-16,27.33,27.65,27.11,27.65,1103300.0,25.596215432473002,1103300.0
6378,2008-07-17,27.74,27.78,27.31,27.71,1178500.0,25.6517587571,1178500.0
6379,2008-07-18,27.58,27.69,27.41,27.55,1584700.0,25.503643224761,1584700.0
6380,2008-07-21,27.61,27.83,27.45,27.66,921400.0,25.605472653244,921400.0
6381,2008-07-22,27.58,29.12,27.48,29.11,1487000.0,26.947769665074,1487000.0
6382,2008-07-23,29.1,29.24,28.54,28.65,1800900.0,26.521937509597002,1800900.0
6383,2008-07-24,28.8,29.07,28.22,28.37,1425200.0,26.262735328001998,1425200.0
6384,2008-07-25,29.59,29.81,28.93,29.36,3167000.0,27.179200184355,3167000.0
6385,2008-07-28,29.5,29.67,29.1,29.21,1441400.0,27.040341872786,1441400.0
6386,2008-07-29,29.36,29.36,28.33,28.68,2021100.0,26.549709171911,2021100.0
6387,2008-07-30,28.83,29.36,28.83,29.09,1279200.0,26.929255223530998,1279200.0
6388,2008-07-31,28.98,29.51,28.76,29.1,669900.0,26.938512444303,669900.0
6389,2008-08-01,29.13,29.29,28.58,28.6,923000.0,26.475651405741,923000.0
6390,2008-08-04,28.52,28.71,28.11,28.22,808300.0,26.123877016434,808300.0
6391,2008-08-05,28.3,28.98,28.12,28.98,980900.0,26.827425795047997,980900.0
6392,2008-08-06,28.88,29.5,28.77,29.44,1173400.0,27.253257950524997,1173400.0
6393,2008-08-07,29.03,29.3,28.93,28.97,1251500.0,26.818168574275997,1251500.0
6394,2008-08-08,29.05,29.6,28.98,29.5,1223300.0,27.308801275152,1223300.0
6395,2008-08-11,29.54,29.95,29.34,29.67,1012200.0,27.466174028263,1012200.0
6396,2008-08-12,29.72,29.72,29.08,29.24,775800.0,27.068113535100004,775800.0
6397,2008-08-13,29.08,29.2,28.68,28.96,814300.0,26.808911353505,814300.0
6398,2008-08-14,28.79,29.43,28.7,29.4,730400.0,27.21622906744,730400.0
6399,2008-08-15,29.4,29.75,29.4,29.69,658000.0,27.484688469806,658000.0
6400,2008-08-18,29.69,29.79,29.31,29.39,461700.0,27.206971846668,461700.0
6401,2008-08-19,29.29,29.33,28.92,29.03,626200.0,26.873711898904,626200.0
6402,2008-08-20,29.04,29.05,28.61,28.73,599700.0,26.595995275767002,599700.0
6403,2008-08-21,28.32,28.67,28.29,28.58,616600.0,26.457136964197996,616600.0
6404,2008-08-22,28.69,29.37,28.61,29.28,802100.0,27.105142418185,802100.0
6405,2008-08-25,29.2,29.28,28.75,28.85,567000.0,26.707081925022006,567000.0
6406,2008-08-26,28.82,28.82,28.38,28.59,609700.0,26.466394184969,609700.0
6407,2008-08-27,28.38,28.62,28.21,28.57,640200.0,26.447879743427,640200.0
6408,2008-08-28,28.69,28.79,28.52,28.69,650700.0,26.558966392682,650700.0
6409,2008-08-29,28.57,28.75,28.4,28.41,496800.0,26.299764211087,496800.0
6410,2008-09-02,28.75,29.25,28.53,28.58,627000.0,26.457136964197996,627000.0
6411,2008-09-03,28.5,28.63,27.77,27.86,956600.0,25.790617068669,956600.0
6412,2008-09-04,27.53,27.96,26.15,26.96,3060500.0,24.957467199257998,3060500.0
6413,2008-09-05,26.91,26.91,26.07,26.23,1627700.0,24.281690082957002,1627700.0
6414,2008-09-08,26.84,27.03,26.15,26.54,1023400.0,24.568663926866,1023400.0
6415,2008-09-09,26.7,26.77,26.05,26.05,765100.0,24.115060109075,765100.0
6416,2008-09-10,26.29,26.39,25.89,26.06,926100.0,24.124317329846,926100.0
6417,2008-09-11,25.78,25.89,25.35,25.72,1315000.0,23.809571823624,1315000.0
6418,2008-09-12,25.6,25.61,24.78,25.36,2433800.0,23.47631187586,2433800.0
6419,2008-09-15,24.77,25.62,24.65,25.22,1192000.0,23.346710785061997,1192000.0
6420,2008-09-16,24.84,25.79,24.63,25.51,1434000.0,23.615170187428003,1434000.0
6421,2008-09-17,24.93,25.73,24.54,24.54,1545800.0,22.717219772617998,1545800.0
6422,2008-09-18,24.65,25.89,23.48,25.88,2556800.0,23.957687355963998,2556800.0
6423,2008-09-19,26.17,28.68,25.53,26.43,3622100.0,24.466834498382,3622100.0
6424,2008-09-22,26.33,26.48,25.88,26.1,2083000.0,24.161346212930997,2083000.0
6425,2008-09-23,26.29,26.5,25.8,26.04,973100.0,24.105802888304,973100.0
6426,2008-09-24,25.99,26.19,25.59,25.82,1058900.0,23.902144031336004,1058900.0
6427,2008-09-25,26.03,26.29,25.74,26.08,684700.0,24.142831771388998,684700.0
6428,2008-09-26,25.8,26.36,25.7,26.28,562900.0,24.327976186813,562900.0
6429,2008-09-29,26.0,26.27,24.38,24.6,1555600.0,22.772763097245,1555600.0
6430,2008-09-30,24.97,25.03,23.8,24.97,1269700.0,23.115280265781003,1269700.0
6431,2008-10-01,24.72,24.91,24.12,24.48,1072400.0,22.661676447991,1072400.0
6432,2008-10-02,24.32,24.42,23.37,23.49,1173100.0,21.745211591637997,1173100.0
6433,2008-10-03,23.85,24.6,23.72,23.91,1033500.0,22.13401486403,1033500.0
6434,2008-10-06,23.57,23.84,22.08,23.02,1637500.0,21.31012221539,1637500.0
6435,2008-10-07,23.16,24.05,23.01,23.25,2256200.0,21.523038293128,2256200.0
6436,2008-10-08,22.87,23.65,22.82,22.86,2525200.0,21.162006683050002,2525200.0
6437,2008-10-09,22.75,23.68,21.41,21.41,2379000.0,19.819709671221002,2379000.0
6438,2008-10-10,20.78,20.78,19.31,19.96,3644200.0,18.477412659391,3644200.0
6439,2008-10-13,20.53,23.07,20.14,23.07,2712800.0,21.356408319246,2712800.0
6440,2008-10-14,23.77,25.9,22.06,22.51,1006300.0,20.838003956057,1006300.0
6441,2008-10-15,21.91,22.07,20.53,20.53,1498100.0,19.06987478875,1498100.0
6442,2008-10-16,20.46,21.22,20.0,21.07,2465700.0,19.57146915728,2465700.0
6443,2008-10-17,21.94,21.94,20.04,21.06,1204800.0,19.562180372678,1204800.0
6444,2008-10-20,20.8,22.24,20.8,22.2,1229700.0,20.621101817353,1229700.0
6445,2008-10-21,21.47,22.13,21.03,21.04,879900.0,19.543602803473,879900.0
6446,2008-10-22,20.3,20.72,19.59,20.03,1348400.0,18.60543555863,1348400.0
6447,2008-10-23,19.97,20.0,17.3,17.79,2751800.0,16.52474780769,2751800.0
6448,2008-10-24,16.91,17.85,15.42,17.46,3234900.0,16.21821791581,3234900.0
6449,2008-10-27,17.05,17.21,16.19,16.19,1943600.0,15.038542271304,1943600.0
6450,2008-10-28,16.5,16.93,15.62,16.93,1493800.0,15.725912331882,1493800.0
6451,2008-10-29,16.91,17.5,16.36,16.81,1647400.0,15.614446916653,1647400.0
6452,2008-10-30,17.23,17.82,17.15,17.65,1935200.0,16.394704823256,1935200.0
6453,2008-10-31,17.65,18.1,17.11,17.94,2580000.0,16.664079576726,2580000.0
6454,2008-11-03,17.93,18.46,17.85,18.39,1049200.0,17.082074883834,1049200.0
6455,2008-11-04,18.74,19.45,18.62,19.42,1532000.0,18.038819697883,1532000.0
6456,2008-11-05,19.22,19.44,18.72,18.75,1391200.0,17.416471129521,1391200.0
6457,2008-11-06,18.46,18.83,17.95,18.03,1578400.0,16.747678638147,1578400.0
6458,2008-11-07,18.17,18.75,18.0,18.55,1198800.0,17.230695437473,1198800.0
6459,2008-11-10,18.95,19.18,18.23,18.45,1090800.0,17.137807591449,1090800.0
6460,2008-11-11,18.27,18.43,17.47,17.84,1428600.0,16.571191730702,1428600.0
6461,2008-11-12,17.53,17.86,16.47,16.49,1246000.0,15.317205809375999,1246000.0
6462,2008-11-13,16.61,17.41,15.74,17.41,2266900.0,16.171773992798,2266900.0
6463,2008-11-14,17.12,18.02,16.48,16.8,872900.0,15.605158132051,872900.0
6464,2008-11-17,16.55,16.89,16.22,16.69,1177500.0,15.502981501424001,1177500.0
6465,2008-11-18,16.66,17.08,16.12,17.08,2002400.0,15.865244100918,2002400.0
6466,2008-11-19,16.9,17.02,16.34,16.35,2346300.0,15.187162824942,2346300.0
6467,2008-11-20,16.27,16.45,15.11,15.26,1393300.0,14.17468530328,1393300.0
6468,2008-11-21,15.54,16.22,14.91,16.2,1396700.0,15.047831055906,1396700.0
6469,2008-11-24,16.45,17.74,16.2,17.45,1225300.0,16.208929131208,1225300.0
6470,2008-11-25,17.74,17.8,16.63,17.2,1462100.0,15.976709516147,1462100.0
6471,2008-11-26,16.97,17.68,16.52,17.66,812000.0,16.403993607858,812000.0
6472,2008-11-28,17.66,18.07,17.39,18.06,390200.0,16.775544991954998,390200.0
6473,2008-12-01,17.5,17.59,16.56,16.56,1441500.0,15.382227301593002,1441500.0
6474,2008-12-02,16.73,16.86,16.01,16.59,1438500.0,15.410093655399999,1438500.0
6475,2008-12-03,16.2,16.88,15.78,16.85,1690900.0,15.651602055063,1690900.0
6476,2008-12-04,16.52,16.81,15.63,15.88,1343600.0,14.750589948629,1343600.0
6477,2008-12-05,15.67,16.23,15.21,16.2,1448400.0,15.047831055906,1448400.0
6478,2008-12-08,16.6,17.07,16.5,16.69,1424400.0,15.502981501424001,1424400.0
6479,2008-12-09,16.54,16.79,16.14,16.34,1809400.0,15.177874040339999,1809400.0
6480,2008-12-10,16.65,16.9,16.19,16.42,1237400.0,15.252184317159,1237400.0
6481,2008-12-11,16.57,16.68,15.93,16.29,1589300.0,15.131430117328,1589300.0
6482,2008-12-12,14.44,15.43,13.1,13.29,7112300.0,12.344794736605001,7112300.0
6483,2008-12-15,13.38,13.45,12.7,13.14,3259000.0,12.205462967568,3259000.0
6484,2008-12-16,13.33,13.68,12.88,13.6,2997900.0,12.632747059279001,2997900.0
6485,2008-12-17,13.19,13.64,13.18,13.5,2170400.0,12.539859213255,2170400.0
6486,2008-12-18,13.67,14.01,13.08,13.57,2737400.0,12.604880705472,2737400.0
6487,2008-12-19,13.7,14.06,13.6,13.92,2461900.0,12.929988166556,2461900.0
6488,2008-12-22,13.73,13.79,13.0,13.38,1759000.0,12.428393798025999,1759000.0
6489,2008-12-23,13.41,13.54,12.94,13.15,1589700.0,12.214751752170999,1589700.0
6490,2008-12-24,13.04,13.46,12.99,13.39,447800.0,12.437682582629002,447800.0
6491,2008-12-26,13.33,13.41,13.06,13.37,719600.0,12.419105013424003,719600.0
6492,2008-12-29,13.43,13.43,13.0,13.39,1436700.0,12.437682582629002,1436700.0
6493,2008-12-30,13.45,13.58,13.35,13.58,1333900.0,12.614169490074,1333900.0
6494,2008-12-31,13.42,14.0,13.37,13.91,913600.0,12.920699381954,913600.0
6495,2009-01-02,13.93,14.21,13.55,14.17,2272800.0,13.162207781617001,2272800.0
6496,2009-01-05,14.2,14.82,14.09,14.73,1817600.0,13.682379719352,1817600.0
6497,2009-01-06,14.84,15.31,14.64,14.94,1380400.0,13.877444196002,1380400.0
6498,2009-01-07,14.65,14.74,14.32,14.54,1173400.0,13.505892811906,1173400.0
6499,2009-01-08,14.35,14.37,14.06,14.2,912600.0,13.190074135423998,912600.0
6500,2009-01-09,14.15,14.15,13.72,13.84,1061700.0,12.855677889737,1061700.0
6501,2009-01-12,13.83,13.86,13.45,13.52,979800.0,12.558436782460001,979800.0
6502,2009-01-13,13.46,14.3,13.4,14.16,2637800.0,13.152918997014,2637800.0
6503,2009-01-14,14.04,14.11,13.62,13.67,2074400.0,12.762790043713,2074400.0
6504,2009-01-15,13.69,14.5,13.2,14.3,2563900.0,13.350980074989,2563900.0
6505,2009-01-16,14.46,14.88,14.39,14.79,1995900.0,13.808461210425,1995900.0
6506,2009-01-20,14.94,15.05,14.28,14.31,2436600.0,13.360316424691998,2436600.0
6507,2009-01-21,14.48,14.84,14.24,14.82,1302100.0,13.836470259533998,1302100.0
6508,2009-01-22,14.61,14.8,14.24,14.42,1908900.0,13.463016271422,1908900.0
6509,2009-01-23,14.19,14.34,13.81,14.21,1278400.0,13.266952927664,1278400.0
6510,2009-01-26,14.08,14.26,13.67,13.85,1787300.0,12.930844338362999,1787300.0
6511,2009-01-27,13.91,14.24,13.85,14.1,1928900.0,13.164253080933001,1928900.0
6512,2009-01-28,14.33,15.13,14.33,15.02,1670000.0,14.02319725359,1670000.0
6513,2009-01-29,15.1,15.12,14.51,14.62,1294000.0,13.649743265478001,1294000.0
6514,2009-01-30,13.3,13.71,12.25,12.62,5263300.0,11.782473324919998,5263300.0
6515,2009-02-02,12.43,13.03,11.76,12.9,2851900.0,12.043891116598001,2851900.0
6516,2009-02-03,13.0,13.17,12.72,13.04,1506900.0,12.174600012437,1506900.0
6517,2009-02-04,13.14,13.76,13.01,13.37,1850500.0,12.482699552629,1850500.0
6518,2009-02-05,13.26,13.62,13.08,13.54,1549800.0,12.641417497576999,1549800.0
6519,2009-02-06,13.53,14.18,13.52,14.11,2586900.0,13.173589430636001,2586900.0
6520,2009-02-09,14.03,14.34,13.97,14.3,1466300.0,13.350980074989,1466300.0
6521,2009-02-10,14.12,14.5,13.92,13.94,3347900.0,13.014871485688,3347900.0
6522,2009-02-11,14.0,14.12,13.82,14.05,2005400.0,13.117571332418999,2005400.0
6523,2009-02-12,13.87,14.35,13.63,14.3,1875800.0,13.350980074989,1875800.0
6524,2009-02-13,14.4,14.73,14.23,14.46,1362500.0,13.500361670233,1362500.0
6525,2009-02-17,13.7,14.21,13.48,13.85,1837400.0,12.930844338362999,1837400.0
6526,2009-02-18,13.91,14.05,13.12,13.42,2658300.0,12.529381301143,2658300.0
6527,2009-02-19,13.5,13.73,13.32,13.51,1751200.0,12.613408448468,1751200.0
6528,2009-02-20,13.15,13.53,13.13,13.37,1704900.0,12.482699552629,1704900.0
6529,2009-02-23,13.25,13.57,13.07,13.15,1768700.0,12.277299859168,1768700.0
6530,2009-02-24,13.33,13.55,13.19,13.45,1870100.0,12.557390350252,1870100.0
6531,2009-02-25,13.45,13.5,13.06,13.26,1346400.0,12.379999705899,1346400.0
6532,2009-02-26,13.22,13.44,12.95,13.0,1648200.0,12.137254613626,1648200.0
6533,2009-02-27,12.75,13.24,12.57,12.88,2655200.0,12.025218417193,2655200.0
6534,2009-03-02,12.61,12.74,11.9,11.9,1348900.0,11.110256146319001,1348900.0
6535,2009-03-03,12.02,12.3,11.63,11.82,2114700.0,11.035565348697,2114700.0
6536,2009-03-04,11.95,12.52,11.74,12.35,1915000.0,11.530391882945,1915000.0
6537,2009-03-05,12.3,12.32,11.58,11.7,1370500.0,10.923529152263999,1370500.0
6538,2009-03-06,11.97,11.97,11.26,11.52,1305700.0,10.755474857613,1305700.0
6539,2009-03-09,11.39,11.61,10.88,11.0,1999400.0,10.269984673068,1999400.0
6540,2009-03-10,11.24,11.64,11.08,11.64,1702000.0,10.867511054047,1702000.0
6541,2009-03-11,11.89,12.02,11.33,11.39,1242800.0,10.634102311477,1242800.0
6542,2009-03-12,11.25,11.54,10.94,11.51,1532800.0,10.746138507911,1532800.0
6543,2009-03-13,11.53,11.78,11.36,11.73,984800.0,10.951538201372001,984800.0
6544,2009-03-16,11.79,11.99,11.71,11.73,985000.0,10.951538201372001,985000.0
6545,2009-03-17,11.89,12.01,11.65,12.01,611000.0,11.21295599305,611000.0
6546,2009-03-18,12.05,12.27,11.85,12.09,858900.0,11.287646790672,858900.0
6547,2009-03-19,12.08,12.16,11.8,12.0,1109000.0,11.203619643347,1109000.0
6548,2009-03-20,12.05,12.11,11.64,11.78,1577800.0,10.998219949886,1577800.0
6549,2009-03-23,11.98,12.69,11.98,12.69,1173200.0,11.847827772839999,1173200.0
6550,2009-03-24,12.53,12.6,12.11,12.31,1176300.0,11.493046484134,1176300.0
6551,2009-03-25,12.38,12.91,12.29,12.65,1773400.0,11.810482374029,1773400.0
6552,2009-03-26,12.83,13.19,12.62,13.17,1141500.0,12.295972558574,1141500.0
6553,2009-03-27,12.99,13.09,12.74,12.91,1487500.0,12.053227466301,1487500.0
6554,2009-03-30,12.68,12.74,12.13,12.38,1350000.0,11.558400932053,1350000.0
6555,2009-03-31,12.43,12.99,12.32,12.77,1226600.0,11.922518570462,1226600.0
6556,2009-04-01,12.58,12.98,12.44,12.9,1976600.0,12.043891116598001,1976600.0
6557,2009-04-02,13.14,13.85,13.13,13.41,1547600.0,12.520044951441,1547600.0
6558,2009-04-03,13.4,13.49,13.19,13.33,780900.0,12.445354153818,780900.0
6559,2009-04-06,13.24,13.55,13.17,13.38,1680100.0,12.492035902332,1680100.0
6560,2009-04-07,13.14,13.55,13.13,13.23,1095000.0,12.351990656789999,1095000.0
6561,2009-04-08,13.25,13.53,13.19,13.52,842700.0,12.622744798171,842700.0
6562,2009-04-09,13.95,14.27,13.57,14.06,1781600.0,13.126907682121999,1781600.0
6563,2009-04-13,13.98,14.22,13.86,14.11,1067500.0,13.173589430636001,1067500.0
6564,2009-04-14,13.95,14.21,13.8,13.89,1246700.0,12.968189737174,1246700.0
6565,2009-04-15,13.8,13.87,13.5,13.64,1326300.0,12.800135442523999,1326300.0
6566,2009-04-16,13.62,14.01,13.55,13.95,1386500.0,13.091047611672002,1386500.0
6567,2009-04-17,14.01,14.15,13.84,14.04,1861500.0,13.175505983361,1861500.0
6568,2009-04-20,13.79,13.95,13.25,13.43,1518600.0,12.603065908585,1518600.0
6569,2009-04-21,13.3,13.7,13.22,13.65,1202800.0,12.809519706045,1202800.0
6570,2009-04-22,13.47,13.88,13.33,13.62,1032500.0,12.781366915482,1032500.0
6571,2009-04-23,13.52,13.52,12.54,13.06,1924400.0,12.255848158311,1924400.0
6572,2009-04-24,13.24,13.51,13.07,13.4,1669500.0,12.574913118022002,1669500.0
6573,2009-04-27,13.21,13.38,12.91,13.02,1929000.0,12.218311104228,1929000.0
6574,2009-04-28,12.96,13.38,12.89,13.24,1458700.0,12.424764901688,1458700.0
6575,2009-04-29,13.32,13.97,12.5,13.93,3765400.0,13.072279084630999,3765400.0
6576,2009-04-30,14.05,14.84,13.93,14.57,3304200.0,13.672871949969,3304200.0
6577,2009-05-01,15.62,17.57,15.3,17.47,7065600.0,16.394308371034,7065600.0
6578,2009-05-04,17.73,17.76,17.23,17.43,3293200.0,16.35677131695,3293200.0
6579,2009-05-05,17.4,17.66,17.14,17.27,2042300.0,16.206623100615,2042300.0
6580,2009-05-06,17.37,17.48,16.9,17.03,1480800.0,15.981400776113,1480800.0
6581,2009-05-07,17.41,17.41,16.83,16.85,1791700.0,15.812484032737,1791700.0
6582,2009-05-08,16.86,17.57,16.84,17.24,1832600.0,16.178470310053,1832600.0
6583,2009-05-11,17.11,17.11,16.6,16.86,1088500.0,15.821868296258,1088500.0
6584,2009-05-12,16.91,17.07,16.66,16.93,1127300.0,15.887558140904,1127300.0
6585,2009-05-13,16.67,16.7,16.25,16.35,1294000.0,15.343270856691001,1294000.0
6586,2009-05-14,16.34,16.45,16.12,16.24,1013200.0,15.240043957961,1013200.0
6587,2009-05-15,16.21,16.27,15.95,16.22,1068600.0,15.22127543092,1068600.0
6588,2009-05-18,16.29,16.36,16.05,16.31,2116600.0,15.305733802608,2116600.0
6589,2009-05-19,16.4,17.01,16.31,16.89,1354100.0,15.850021086821,1354100.0
6590,2009-05-20,17.04,17.3,16.94,17.01,1615200.0,15.962632249072001,1615200.0
6591,2009-05-21,16.84,16.91,16.3,16.45,972100.0,15.437113491901,972100.0
6592,2009-05-22,16.45,16.57,16.27,16.32,650300.0,15.315118066129001,650300.0
6593,2009-05-26,16.15,16.7,16.02,16.68,679900.0,15.652951552881,679900.0
6594,2009-05-27,16.7,16.7,16.22,16.24,922800.0,15.240043957961,922800.0
6595,2009-05-28,16.32,16.42,15.99,16.32,977000.0,15.315118066129001,977000.0
6596,2009-05-29,16.09,16.41,16.01,16.27,808600.0,15.268196748524,808600.0
6597,2009-06-01,16.52,16.86,16.43,16.55,1432000.0,15.53095612711,1432000.0
6598,2009-06-02,16.53,17.03,16.44,16.87,1080500.0,15.831252559779001,1080500.0
6599,2009-06-03,16.78,16.9,16.49,16.66,767300.0,15.63418302584,767300.0
6600,2009-06-04,16.71,16.86,16.39,16.61,695700.0,15.587261708235,695700.0
6601,2009-06-05,16.72,16.95,16.41,16.7,996100.0,15.671720079923,996100.0
6602,2009-06-08,16.65,16.69,16.15,16.48,586500.0,15.465266282463,586500.0
6603,2009-06-09,16.58,17.16,16.3,17.07,1658600.0,16.018937830197,1658600.0
6604,2009-06-10,16.93,17.31,16.9,17.06,1296900.0,16.009553566676,1296900.0
6605,2009-06-11,17.06,17.56,16.88,17.32,909500.0,16.25354441822,909500.0
6606,2009-06-12,16.96,17.42,16.96,17.32,766100.0,16.25354441822,766100.0
6607,2009-06-15,17.15,17.2,16.59,16.78,1469700.0,15.746794188090998,1469700.0
6608,2009-06-16,16.82,17.11,16.63,17.05,1786400.0,16.000169303155,1786400.0
6609,2009-06-17,17.05,17.4,16.83,17.28,1079900.0,16.216007364136,1079900.0
6610,2009-06-18,17.35,18.23,17.21,17.95,2441800.0,16.844753020037,2441800.0
6611,2009-06-19,18.1,18.37,17.96,17.99,1775000.0,16.882290074121002,1775000.0
6612,2009-06-22,17.76,17.9,17.43,17.47,1386100.0,16.394308371034,1386100.0
6613,2009-06-23,16.64,17.23,16.33,16.96,2613000.0,15.915710931466998,2613000.0
6614,2009-06-24,17.1,17.23,16.93,17.02,1198300.0,15.972016512592,1198300.0
6615,2009-06-25,17.0,17.28,16.87,17.2,1754400.0,16.140933255969,1754400.0
6616,2009-06-26,17.18,17.28,16.76,17.01,2736100.0,15.962632249072001,2736100.0
6617,2009-06-29,17.03,17.36,16.85,17.29,984600.0,16.225391627657,984600.0
6618,2009-06-30,17.29,17.47,17.16,17.4,1692800.0,16.328618526387,1692800.0
6619,2009-07-01,17.46,17.65,17.36,17.53,1340500.0,16.450613952159,1340500.0
6620,2009-07-02,17.35,17.35,16.8,16.8,967800.0,15.765562715132,967800.0
6621,2009-07-06,16.68,16.87,16.55,16.8,882000.0,15.765562715132,882000.0
6622,2009-07-07,16.79,16.88,16.4,16.41,937600.0,15.399576437816998,937600.0
6623,2009-07-08,16.47,16.53,15.82,16.04,1459500.0,15.052358687543002,1459500.0
6624,2009-07-09,16.14,16.14,15.79,15.97,653300.0,14.986668842897,653300.0
6625,2009-07-10,16.43,16.88,16.12,16.73,1405400.0,15.699872870485999,1405400.0
6626,2009-07-13,16.75,16.99,16.57,16.91,1289600.0,15.868789613861999,1289600.0
6627,2009-07-14,16.86,17.23,16.77,17.15,1274400.0,16.094011938364,1274400.0
6628,2009-07-15,17.28,17.52,17.15,17.5,795100.0,16.488151006243,795100.0
6629,2009-07-16,17.5,17.6,17.38,17.46,1467700.0,16.450463803943,1467700.0
6630,2009-07-17,17.43,17.55,17.24,17.5,877800.0,16.488151006243,877800.0
6631,2009-07-20,17.6,17.73,17.51,17.7,603900.0,16.676587017743,603900.0
6632,2009-07-21,17.95,18.05,17.69,17.79,747900.0,16.761383222918,747900.0
6633,2009-07-22,17.78,17.83,17.44,17.49,1632600.0,16.478729205668,1632600.0
6634,2009-07-23,17.57,18.04,17.48,17.79,2654300.0,16.761383222918,2654300.0
6635,2009-07-24,17.71,18.18,17.7,18.18,1542200.0,17.128833445342,1542200.0
6636,2009-07-27,18.36,18.72,18.26,18.42,1128300.0,17.354956659142,1128300.0
6637,2009-07-28,18.39,18.72,18.32,18.65,1709300.0,17.571658072367,1709300.0
6638,2009-07-29,18.62,18.83,18.4,18.8,1719600.0,17.712985080992,1719600.0
6639,2009-07-30,19.09,19.48,18.9,19.09,2536300.0,17.986217297667,2536300.0
6640,2009-07-31,16.64,17.83,15.67,17.63,7938100.0,16.610634413718,7938100.0
6641,2009-08-03,17.83,18.16,17.19,17.54,3385200.0,16.525838208543,3385200.0
6642,2009-08-04,17.39,17.85,17.22,17.45,2626400.0,16.441042003368,2626400.0
6643,2009-08-05,17.41,17.56,17.16,17.3,2207900.0,16.299714994743,2207900.0
6644,2009-08-06,17.33,17.37,16.95,17.0,1351000.0,16.017060977493,1351000.0
6645,2009-08-07,17.18,17.31,16.97,17.16,1345700.0,16.167809786693002,1345700.0
6646,2009-08-10,17.06,17.39,17.05,17.17,1174600.0,16.177231587268,1174600.0
6647,2009-08-11,17.17,17.23,16.88,16.94,1100600.0,15.960530174042999,1100600.0
6648,2009-08-12,16.89,17.07,16.77,16.86,2200500.0,15.885155769443,2200500.0
6649,2009-08-13,17.42,17.83,17.14,17.8,2833500.0,16.770805023493,2833500.0
6650,2009-08-14,17.87,17.87,17.25,17.59,1567900.0,16.572947211418,1567900.0
6651,2009-08-17,17.53,17.53,17.13,17.2,1158100.0,16.205496988993,1158100.0
6652,2009-08-18,17.21,17.36,17.11,17.24,1418200.0,16.243184191293,1418200.0
6653,2009-08-19,17.07,17.39,16.97,17.32,1681000.0,16.318558595893,1681000.0
6654,2009-08-20,17.42,17.82,17.28,17.75,1523800.0,16.723696020618,1523800.0
6655,2009-08-21,17.8,18.26,17.75,18.21,1218200.0,17.157098847067,1218200.0
6656,2009-08-24,18.29,18.46,18.14,18.26,892300.0,17.204207849942,892300.0
6657,2009-08-25,18.31,18.45,18.01,18.01,916000.0,16.968662835567,916000.0
6658,2009-08-26,17.96,18.25,17.91,18.14,1667700.0,17.091146243042,1667700.0
6659,2009-08-27,18.15,18.43,17.96,18.37,1004400.0,17.307847656267,1004400.0
6660,2009-08-28,18.42,18.6,18.06,18.2,647200.0,17.147677046492,647200.0
6661,2009-08-31,18.1,18.28,17.91,18.25,963100.0,17.194786049367,963100.0
6662,2009-09-01,18.17,18.65,17.83,17.88,1141100.0,16.846179428093,1141100.0
6663,2009-09-02,17.8,17.91,17.48,17.56,885600.0,16.544681809693,885600.0
6664,2009-09-03,17.59,17.73,17.38,17.49,1029900.0,16.478729205668,1029900.0
6665,2009-09-04,17.51,18.12,17.46,18.07,912100.0,17.025193639017,912100.0
6666,2009-09-08,18.17,18.26,17.89,18.17,831200.0,17.119411644767002,831200.0
6667,2009-09-09,18.15,18.71,18.15,18.6,647100.0,17.524549069492,647100.0
6668,2009-09-10,18.58,19.45,18.4,19.4,1501100.0,18.278293115492,1501100.0
6669,2009-09-11,19.5,19.69,19.24,19.25,939700.0,18.136966106867,939700.0
6670,2009-09-14,19.19,19.43,19.17,19.31,892900.0,18.193496910317,892900.0
6671,2009-09-15,19.25,19.37,18.95,19.28,764900.0,18.165231508592,764900.0
6672,2009-09-16,19.35,20.08,19.22,20.07,819400.0,18.909553754017,819400.0
6673,2009-09-17,20.0,20.26,20.0,20.06,2063100.0,18.900131953442,2063100.0
6674,2009-09-18,20.16,20.25,19.99,20.15,1860400.0,18.984928158617002,1860400.0
6675,2009-09-21,19.96,20.08,19.6,19.8,1431500.0,18.655165138492,1431500.0
6676,2009-09-22,19.84,19.93,19.63,19.82,1702500.0,18.674008739642,1702500.0
6677,2009-09-23,19.93,20.0,19.49,19.65,1527800.0,18.513838129867,1527800.0
6678,2009-09-24,19.66,19.84,18.96,19.14,1655700.0,18.033326300542,1655700.0
6679,2009-09-25,19.17,19.35,18.98,19.31,1068200.0,18.193496910317,1068200.0
6680,2009-09-28,19.35,19.64,19.31,19.38,1106900.0,18.259449514342002,1106900.0
6681,2009-09-29,19.45,19.54,19.22,19.42,985400.0,18.297136716642,985400.0
6682,2009-09-30,19.45,19.45,18.83,19.24,1480400.0,18.127544306292,1480400.0
6683,2009-10-01,19.14,19.18,18.77,18.77,1225300.0,17.684719679267,1225300.0
6684,2009-10-02,18.6,19.03,18.6,18.78,1768000.0,17.694141479842,1768000.0
6685,2009-10-05,18.98,19.23,18.62,19.19,1101100.0,18.080435303417,1101100.0
6686,2009-10-06,19.28,19.62,18.67,19.33,1054900.0,18.212340511466998,1054900.0
6687,2009-10-07,19.25,19.45,19.13,19.43,688300.0,18.306558517217,688300.0
6688,2009-10-08,19.54,19.83,19.46,19.56,808200.0,18.429041924691997,808200.0
6689,2009-10-09,19.59,19.7,19.48,19.63,538200.0,18.494994528717,538200.0
6690,2009-10-12,19.65,19.72,19.43,19.51,415800.0,18.381932921817,415800.0
6691,2009-10-13,19.52,19.74,19.48,19.71,703800.0,18.570368933317003,703800.0
6692,2009-10-14,19.84,20.55,19.82,20.55,1461100.0,19.361800181616,1461100.0
6693,2009-10-15,20.53,21.09,20.48,20.91,3124600.0,19.700985002316,3124600.0
6694,2009-10-16,20.78,20.89,20.57,20.63,1464600.0,19.437174586216,1464600.0
6695,2009-10-19,20.7,21.05,20.54,20.99,1174900.0,19.776359406916,1174900.0
6696,2009-10-20,20.94,20.94,20.1,20.21,1941300.0,19.041458962067,1941300.0
6697,2009-10-21,20.08,20.39,19.97,19.99,1559500.0,18.900131953442,1559500.0
6698,2009-10-22,20.07,20.08,19.74,19.8,2254800.0,18.720490879347,2254800.0
6699,2009-10-23,19.8,19.97,19.65,19.73,1030200.0,18.654307325732997,1030200.0
6700,2009-10-26,19.73,19.95,19.32,19.33,1158900.0,18.276115590797,1158900.0
6701,2009-10-27,19.49,19.49,19.02,19.23,1466900.0,18.181567657063,1466900.0
6702,2009-10-28,19.22,19.23,18.44,18.45,1247000.0,17.444093773937,1247000.0
6703,2009-10-29,18.54,19.05,18.41,18.97,2205500.0,17.935743029354,2205500.0
6704,2009-10-30,19.38,20.5,18.5,18.61,3189600.0,17.595370467911,3189600.0
6705,2009-11-02,18.67,18.99,18.56,18.7,1943500.0,17.680463608272,1943500.0
6706,2009-11-03,18.63,18.63,18.22,18.51,1941700.0,17.500822534177,1941700.0
6707,2009-11-04,18.64,18.75,18.46,18.48,1635500.0,17.472458154057,1635500.0
6708,2009-11-05,18.6,18.99,18.6,18.92,773000.0,17.888469062486998,773000.0
6709,2009-11-06,18.78,19.07,18.69,18.94,783600.0,17.907378649233998,783600.0
6710,2009-11-09,19.14,19.44,18.89,19.41,977300.0,18.351753937784,977300.0
6711,2009-11-10,19.48,19.62,19.36,19.6,1075100.0,18.531395011879,1075100.0
6712,2009-11-11,19.66,19.68,19.39,19.6,979500.0,18.531395011879,979500.0
6713,2009-11-12,19.61,19.68,19.28,19.34,516800.0,18.28557038417,516800.0
6714,2009-11-13,19.35,19.63,19.21,19.43,731400.0,18.370663524531,731400.0
6715,2009-11-16,19.47,19.87,19.43,19.76,881900.0,18.682671705853,881900.0
6716,2009-11-17,19.73,20.12,19.67,19.9,1845300.0,18.815038813081,1845300.0
6717,2009-11-18,19.91,19.91,19.53,19.79,989400.0,18.711036085973,989400.0
6718,2009-11-19,19.66,19.75,19.26,19.36,746600.0,18.304479970917,746600.0
6719,2009-11-20,19.2,19.27,18.87,19.04,1335700.0,18.001926582968,1335700.0
6720,2009-11-23,19.26,19.48,19.05,19.17,1125700.0,18.124838896822,1125700.0
6721,2009-11-24,19.17,19.33,18.95,19.24,633000.0,18.191022450436,633000.0
6722,2009-11-25,19.27,19.42,19.15,19.42,541200.0,18.361208731157,541200.0
6723,2009-11-27,18.74,19.21,18.74,18.99,416500.0,17.954652616101,416500.0
6724,2009-11-30,19.0,19.0,18.53,18.87,1280900.0,17.84119509562,1280900.0
6725,2009-12-01,19.01,19.29,18.87,19.17,827100.0,18.124838896822,827100.0
6726,2009-12-02,19.23,19.45,19.08,19.43,826300.0,18.370663524531,826300.0
6727,2009-12-03,19.43,19.6,19.23,19.24,706600.0,18.191022450436,706600.0
6728,2009-12-04,19.57,19.7,19.39,19.69,976500.0,18.616488152239,976500.0
6729,2009-12-07,19.66,19.82,19.57,19.67,384300.0,18.597578565493,384300.0
6730,2009-12-08,19.58,19.65,19.36,19.44,645200.0,18.380118317904,645200.0
6731,2009-12-09,19.39,19.43,19.18,19.41,470400.0,18.351753937784,470400.0
6732,2009-12-10,19.58,19.75,19.52,19.66,521900.0,18.588123772119,521900.0
6733,2009-12-11,19.62,19.93,19.62,19.92,691500.0,18.833948399828,691500.0
6734,2009-12-14,19.98,20.39,19.98,20.34,946000.0,19.231049721511,946000.0
6735,2009-12-15,20.22,20.5,20.21,20.5,1063500.0,19.382326415485,1063500.0
6736,2009-12-16,20.5,20.6,20.36,20.4,811300.0,19.287778481751,811300.0
6737,2009-12-17,20.35,20.36,20.15,20.19,801200.0,19.08922782091,801200.0
6738,2009-12-18,20.32,20.37,19.96,20.12,976800.0,19.023044267296,976800.0
6739,2009-12-21,20.19,20.5,20.04,20.26,959500.0,19.155411374524,959500.0
6740,2009-12-22,20.27,20.4,20.08,20.29,913500.0,19.183775754644,913500.0
6741,2009-12-23,20.39,20.52,20.28,20.51,317000.0,19.391781208859,317000.0
6742,2009-12-24,20.5,20.63,20.5,20.58,254900.0,19.457964762473,254900.0
6743,2009-12-28,20.58,20.68,20.55,20.66,381100.0,19.53360310946,381100.0
6744,2009-12-29,20.75,20.84,20.62,20.79,616700.0,19.656515423313998,616700.0
6745,2009-12-30,20.75,20.82,20.7,20.73,443700.0,19.599786663074,443700.0
6746,2009-12-31,20.77,20.83,20.59,20.59,433100.0,19.467419555846,433100.0
6747,2010-01-04,20.76,20.81,20.28,20.64,1880200.0,19.514693522713,1880200.0
6748,2010-01-05,20.66,21.06,20.49,20.89,1568200.0,19.751063357048,1568200.0
6749,2010-01-06,20.82,21.41,20.8,21.3,1245300.0,20.138709885358,1245300.0
6750,2010-01-07,21.8,22.0,21.2,21.24,2581900.0,20.081981125118002,2581900.0
6751,2010-01-08,21.32,21.51,21.21,21.43,2273200.0,20.261622199212,2273200.0
6752,2010-01-11,21.56,21.66,21.4,21.46,2347600.0,20.289986579333,2347600.0
6753,2010-01-12,21.4,21.44,21.04,21.16,2656900.0,20.00634277813,2656900.0
6754,2010-01-13,21.27,21.44,21.04,21.41,1352600.0,20.242712612465,1352600.0
6755,2010-01-14,21.34,21.67,21.32,21.65,1147700.0,20.469627653427,1147700.0
6756,2010-01-15,21.72,21.89,21.28,21.41,1239100.0,20.242712612465,1239100.0
6757,2010-01-19,21.41,21.75,21.01,21.44,2235000.0,20.271076992586,2235000.0
6758,2010-01-20,21.38,21.38,20.92,21.16,1301600.0,20.072526331744,1301600.0
6759,2010-01-21,21.14,21.18,20.41,20.48,1668900.0,19.427473500667,1668900.0
6760,2010-01-22,20.53,21.17,20.37,20.37,2016100.0,19.323126719170002,2016100.0
6761,2010-01-25,20.48,20.7,20.4,20.52,796300.0,19.465417784848,796300.0
6762,2010-01-26,20.49,20.77,20.22,20.57,879200.0,19.512848140075,879200.0
6763,2010-01-27,20.49,20.6,20.2,20.39,1135200.0,19.34209886126,1135200.0
6764,2010-01-28,20.42,20.55,20.06,20.07,1114100.0,19.038544587811998,1114100.0
6765,2010-01-29,20.14,20.49,20.03,20.14,1939600.0,19.104947085129,1939600.0
6766,2010-02-01,20.3,20.35,19.98,20.19,1740800.0,19.152377440355,1740800.0
6767,2010-02-02,20.23,20.89,20.13,20.82,1358000.0,19.749999916206,1358000.0
6768,2010-02-03,20.84,21.18,20.64,20.68,1190200.0,19.617194921572,1190200.0
6769,2010-02-04,20.45,20.49,19.73,19.82,1678300.0,18.801392811681,1678300.0
6770,2010-02-05,21.5,22.06,20.12,20.52,6012000.0,19.465417784848,6012000.0
6771,2010-02-08,20.46,21.29,20.43,20.95,2804000.0,19.873318839794,2804000.0
6772,2010-02-09,21.19,21.19,20.82,20.89,2224300.0,19.816402413522,2224300.0
6773,2010-02-10,20.9,21.0,20.6,20.7,1458100.0,19.636167063663002,1458100.0
6774,2010-02-11,20.67,20.91,20.53,20.87,1542700.0,19.797430271432,1542700.0
6775,2010-02-12,20.71,21.02,20.5,21.0,1706800.0,19.92074919502,1706800.0
6776,2010-02-16,21.1,21.6,20.9,21.59,1879200.0,20.48042738669,1879200.0
6777,2010-02-17,21.73,21.78,21.55,21.59,1321900.0,20.48042738669,1321900.0
6778,2010-02-18,21.6,21.98,21.59,21.92,1537800.0,20.793467731183,1537800.0
6779,2010-02-19,21.87,22.06,21.66,21.79,985600.0,20.670148807595,985600.0
6780,2010-02-22,21.85,22.73,21.78,22.38,4185600.0,21.229826999264,4185600.0
6781,2010-02-23,22.38,22.5,22.15,22.32,1983700.0,21.172910572993,1983700.0
6782,2010-02-24,22.48,22.5,22.23,22.35,1331500.0,21.201368786129,1331500.0
6783,2010-02-25,22.1,22.43,21.9,22.41,1302800.0,21.2582852124,1302800.0
6784,2010-02-26,22.49,22.49,22.03,22.21,945300.0,21.068563791495,945300.0
6785,2010-03-01,22.38,23.54,22.26,23.26,3154400.0,22.064601251246,3154400.0
6786,2010-03-02,23.24,23.69,23.24,23.43,1398800.0,22.225864459015003,1398800.0
6787,2010-03-03,23.44,23.54,23.2,23.34,866800.0,22.140489819608003,866800.0
6788,2010-03-04,23.33,23.45,22.95,23.12,775700.0,21.931796256613,775700.0
6789,2010-03-05,23.19,23.79,23.16,23.79,1550400.0,22.567363016644002,1550400.0
6790,2010-03-08,23.68,23.82,23.48,23.68,1490800.0,22.463016235147,1490800.0
6791,2010-03-09,23.52,23.71,23.44,23.52,1059700.0,22.311239098423,1059700.0
6792,2010-03-10,23.58,23.58,23.3,23.5,1226000.0,22.292266956332,1226000.0
6793,2010-03-11,23.5,23.57,23.28,23.46,1005000.0,22.254322672150998,1005000.0
6794,2010-03-12,23.6,23.6,23.24,23.37,885000.0,22.168948032744,885000.0
6795,2010-03-15,23.67,23.67,23.37,23.5,656600.0,22.292266956332,656600.0
6796,2010-03-16,23.49,23.67,23.38,23.63,1046700.0,22.415585879920002,1046700.0
6797,2010-03-17,23.69,24.09,23.63,24.0,1109800.0,22.766570508593997,1109800.0
6798,2010-03-18,24.05,24.28,23.99,24.11,981100.0,22.870917290092002,981100.0
6799,2010-03-19,23.61,24.45,23.6,23.61,1714500.0,22.39661373783,1714500.0
6800,2010-03-22,23.55,24.09,23.42,24.06,1017600.0,22.823486934866,1017600.0
6801,2010-03-23,24.05,24.24,23.82,24.19,683400.0,22.946805858454,683400.0
6802,2010-03-24,24.09,24.18,23.91,23.98,849400.0,22.747598366504,849400.0
6803,2010-03-25,24.11,24.21,23.86,23.9,1186900.0,22.671709798142,1186900.0
6804,2010-03-26,23.95,24.13,23.82,24.0,1114000.0,22.766570508593997,1114000.0
6805,2010-03-29,24.09,24.3,24.06,24.23,737800.0,22.984750142635,737800.0
6806,2010-03-30,24.23,24.44,24.14,24.31,602900.0,23.060638710997,602900.0
6807,2010-03-31,24.26,24.3,23.88,23.9,863400.0,22.671709798142,863400.0
6808,2010-04-01,24.0,24.15,23.92,24.15,1344900.0,22.908861574273,1344900.0
6809,2010-04-05,24.29,24.35,24.03,24.2,1191900.0,22.956291929499002,1191900.0
6810,2010-04-06,24.1,24.17,23.9,24.01,966700.0,22.77605657964,966700.0
6811,2010-04-07,24.02,24.07,23.81,23.88,917000.0,22.652737656051997,917000.0
6812,2010-04-08,23.73,23.82,23.5,23.67,1367900.0,22.453530164101,1367900.0
6813,2010-04-09,23.66,23.87,23.66,23.8,2262500.0,22.57684908769,2262500.0
6814,2010-04-12,23.84,23.94,23.75,23.76,407400.0,22.538904803509002,407400.0
6815,2010-04-13,23.76,23.82,23.59,23.74,637600.0,22.519932661418,637600.0
6816,2010-04-14,23.45,23.9,23.24,23.82,965100.0,22.662223727097,965100.0
6817,2010-04-15,23.81,23.95,23.77,23.87,938900.0,22.709793466237997,938900.0
6818,2010-04-16,23.79,24.04,23.46,23.5,1475100.0,22.35777739659,1475100.0
6819,2010-04-19,23.47,23.65,23.33,23.44,1433800.0,22.30069370962,1433800.0
6820,2010-04-20,23.53,23.99,23.52,23.99,1527900.0,22.823960840178,1527900.0
6821,2010-04-21,23.92,24.03,23.74,23.94,1279200.0,22.776391101037003,1279200.0
6822,2010-04-22,23.73,24.0,23.48,23.88,1726300.0,22.719307414067,1726300.0
6823,2010-04-23,23.93,23.96,23.64,23.83,1796700.0,22.671737674924998,1796700.0
6824,2010-04-26,23.85,23.96,23.71,23.74,1330300.0,22.58611214447,1330300.0
6825,2010-04-27,23.63,24.02,23.43,23.45,2192800.0,22.310207657448,2192800.0
6826,2010-04-28,23.64,24.76,23.59,24.61,3567900.0,23.413825605535003,3567900.0
6827,2010-04-29,24.86,25.22,24.72,25.12,2816600.0,23.89903694478,2816600.0
6828,2010-04-30,25.16,25.45,24.94,25.05,1971700.0,23.832439309982,1971700.0
6829,2010-05-03,25.09,25.33,25.01,25.19,1927600.0,23.965634579579,1927600.0
6830,2010-05-04,24.95,24.95,24.27,24.33,2066400.0,23.147435066342002,2066400.0
6831,2010-05-05,24.18,24.34,23.92,24.0,2050000.0,22.833474788007003,2050000.0
6832,2010-05-06,23.94,24.1,21.76,23.02,2918100.0,21.90110790083,2918100.0
6833,2010-05-07,23.51,23.62,21.32,22.23,5277700.0,21.149506022390998,5277700.0
6834,2010-05-10,23.12,23.62,22.79,23.46,2027300.0,22.319721605277,2027300.0
6835,2010-05-11,23.22,23.67,23.04,23.06,2114400.0,21.939163692143,2114400.0
6836,2010-05-12,23.07,23.61,23.04,23.55,1566800.0,22.405347135732,1566800.0
6837,2010-05-13,23.55,23.76,23.25,23.31,1300800.0,22.177012387852002,1300800.0
6838,2010-05-14,23.19,23.19,22.5,22.71,1847900.0,21.606175518151,1847900.0
6839,2010-05-17,22.75,22.91,22.29,22.78,1361400.0,21.67277315295,1361400.0
6840,2010-05-18,22.89,23.1,22.69,22.73,2621200.0,21.625203413808,2621200.0
6841,2010-05-19,22.57,23.18,22.52,23.06,3763700.0,21.939163692143,3763700.0
6842,2010-05-20,22.59,22.72,21.97,22.03,3621400.0,20.959227065825,3621400.0
6843,2010-05-21,21.76,22.2,21.38,22.01,2400800.0,20.940199170168,2400800.0
6844,2010-05-24,21.87,22.2,21.81,21.84,1818300.0,20.778462057086,1818300.0
6845,2010-05-25,21.35,21.78,21.0,21.76,3169400.0,20.70235047446,3169400.0
6846,2010-05-26,21.89,22.4,21.82,21.97,2328800.0,20.902143378855,2328800.0
6847,2010-05-27,22.34,23.1,22.29,23.08,1573500.0,21.958191587800002,1573500.0
6848,2010-05-28,23.02,23.04,22.61,22.69,1412700.0,21.587147622495,1412700.0
6849,2010-06-01,22.37,22.81,22.17,22.22,1162500.0,21.139992074563,1162500.0
6850,2010-06-02,22.34,22.73,22.04,22.73,1395400.0,21.625203413808,1395400.0
6851,2010-06-03,22.85,23.07,22.76,23.0,1016500.0,21.882080005173002,1016500.0
6852,2010-06-04,22.35,22.51,21.65,21.72,2149300.0,20.664294683146,2149300.0
6853,2010-06-07,21.81,21.89,21.29,21.31,1326700.0,20.274222822184,1326700.0
6854,2010-06-08,21.32,21.47,21.19,21.36,2716100.0,20.321792561326,2716100.0
6855,2010-06-09,21.55,22.36,21.52,21.79,3786500.0,20.730892317945003,3786500.0
6856,2010-06-10,22.09,22.55,22.0,22.48,1036200.0,21.3873547181,1036200.0
6857,2010-06-11,22.27,22.65,22.2,22.58,767900.0,21.482494196382998,767900.0
6858,2010-06-14,22.7,22.91,22.43,22.45,1435500.0,21.358812874614998,1435500.0
6859,2010-06-15,22.66,22.89,22.53,22.85,1473300.0,21.739370787747998,1473300.0
6860,2010-06-16,22.7,23.06,22.57,22.96,1480200.0,21.844024213860003,1480200.0
6861,2010-06-17,23.03,23.09,22.65,22.94,782200.0,21.824996318203002,782200.0
6862,2010-06-18,22.88,23.01,22.66,22.72,1193500.0,21.61568946598,1193500.0
6863,2010-06-21,22.93,23.21,22.78,22.9,1185300.0,21.78694052689,1185300.0
6864,2010-06-22,22.96,23.08,22.46,22.53,1432700.0,21.434924457241,1432700.0
6865,2010-06-23,22.52,22.54,22.1,22.24,700300.0,21.15901997022,700300.0
6866,2010-06-24,22.1,22.15,21.36,21.43,2975900.0,20.388390196124,2975900.0
6867,2010-06-25,21.46,21.99,21.32,21.9,3739400.0,20.835545744056002,3739400.0
6868,2010-06-28,21.87,22.02,21.58,21.82,1050300.0,20.75943416143,1050300.0
6869,2010-06-29,21.5,21.5,20.76,20.87,1131000.0,19.855609117738,1131000.0
6870,2010-06-30,20.75,21.04,20.61,20.67,921400.0,19.665330161171,921400.0
6871,2010-07-01,20.69,20.69,19.69,19.81,2632500.0,18.847130647934,2632500.0
6872,2010-07-02,19.94,19.96,19.55,19.65,1853000.0,18.694907482681,1853000.0
6873,2010-07-06,19.98,20.2,19.34,19.55,1865000.0,18.599768004397,1865000.0
6874,2010-07-07,19.63,19.63,19.17,19.53,2686400.0,18.580740108741,2686400.0
6875,2010-07-08,19.68,19.74,19.45,19.73,2460400.0,18.771019065306998,2460400.0
6876,2010-07-09,19.79,19.79,19.47,19.59,2088500.0,18.637823795711,2088500.0
6877,2010-07-12,19.58,19.58,19.22,19.47,1449900.0,18.523656421771,1449900.0
6878,2010-07-13,19.62,20.0,19.49,19.66,1880600.0,18.704421430509,1880600.0
6879,2010-07-14,19.65,19.69,19.2,19.52,1902100.0,18.571226160912,1902100.0
6880,2010-07-15,19.55,19.67,19.27,19.5,1569900.0,18.552198265256,1569900.0
6881,2010-07-16,19.36,19.52,19.0,19.06,1907600.0,18.133584560809,1907600.0
6882,2010-07-19,19.11,19.17,18.97,19.14,1800200.0,18.209696143435,1800200.0
6883,2010-07-20,18.9,19.26,18.69,19.23,2137000.0,18.29532167389,2137000.0
6884,2010-07-21,19.21,19.34,18.88,18.89,1531300.0,18.038445082525,1531300.0
6885,2010-07-22,19.26,19.78,19.17,19.62,2349700.0,18.735536925312,2349700.0
6886,2010-07-23,19.62,19.8,19.4,19.62,1359100.0,18.735536925312,1359100.0
6887,2010-07-26,19.65,20.17,19.51,19.99,1773700.0,19.088857448369,1773700.0
6888,2010-07-27,19.98,19.98,19.25,19.35,2023900.0,18.477708435514,2023900.0
6889,2010-07-28,19.39,19.6,19.28,19.48,2469200.0,18.60184807875,2469200.0
6890,2010-07-29,19.59,19.67,18.91,19.24,2569400.0,18.37266719893,2569400.0
6891,2010-07-30,19.07,19.54,18.99,19.46,1755600.0,18.582749672099,1755600.0
6892,2010-08-02,19.7,20.08,19.65,20.04,1821400.0,19.136603464998,1821400.0
6893,2010-08-03,19.78,20.01,19.46,19.75,1000300.0,18.859676568548,1000300.0
6894,2010-08-04,19.76,20.15,19.72,20.09,1492900.0,19.184349481627,1492900.0
6895,2010-08-05,19.98,20.14,19.94,20.05,1693700.0,19.146152668324,1693700.0
6896,2010-08-06,21.12,22.45,21.02,22.29,5146500.0,21.285174213313,5146500.0
6897,2010-08-09,22.4,22.54,22.04,22.2,2340100.0,21.199231383381,2340100.0
6898,2010-08-10,22.06,22.39,21.74,22.18,1874500.0,21.180132976729,1874500.0
6899,2010-08-11,21.75,21.81,21.28,21.52,1636300.0,20.549885557223,1636300.0
6900,2010-08-12,21.17,21.6,21.12,21.51,2129000.0,20.540336353897,2129000.0
6901,2010-08-13,21.47,21.61,21.33,21.44,1028900.0,20.473491930616,1028900.0
6902,2010-08-16,21.27,21.64,21.13,21.35,923900.0,20.387549100683998,923900.0
6903,2010-08-17,21.5,22.17,21.46,22.01,1539000.0,21.01779652019,1539000.0
6904,2010-08-18,21.98,22.15,21.75,22.06,735000.0,21.065542536819,735000.0
6905,2010-08-19,21.89,22.02,21.32,21.55,1227300.0,20.578533167200998,1227300.0
6906,2010-08-20,21.37,21.49,20.77,21.07,1799900.0,20.12017140756,1799900.0
6907,2010-08-23,21.16,21.49,21.12,21.27,881400.0,20.311155474077,881400.0
6908,2010-08-24,20.98,21.01,20.57,20.58,1133800.0,19.652260444594,1133800.0
6909,2010-08-25,20.49,21.1,20.32,21.06,1396600.0,20.110622204233998,1396600.0
6910,2010-08-26,21.16,21.56,21.16,21.27,2040200.0,20.311155474077,2040200.0
6911,2010-08-27,21.35,21.69,20.97,21.67,1391800.0,20.693123607111,1391800.0
6912,2010-08-30,21.66,21.75,21.04,21.04,1010000.0,20.091523797583,1010000.0
6913,2010-08-31,20.94,21.31,20.83,21.01,1047200.0,20.062876187605,1047200.0
6914,2010-09-01,21.3,22.29,21.3,22.07,3789800.0,21.075091740144998,3789800.0
6915,2010-09-02,22.07,22.21,21.95,22.2,1181400.0,21.199231383381,1181400.0
6916,2010-09-03,22.4,22.59,22.24,22.4,953900.0,21.390215449898,953900.0
6917,2010-09-07,22.25,22.41,22.13,22.16,1414200.0,21.161034570077,1414200.0
6918,2010-09-08,22.1,22.14,21.81,21.83,1167500.0,20.845910860324,1167500.0
6919,2010-09-09,22.2,22.2,21.9,22.03,827700.0,21.036894926841,827700.0
6920,2010-09-10,22.03,22.13,21.78,22.0,774200.0,21.008247316864,774200.0
6921,2010-09-13,22.16,22.27,22.06,22.24,734100.0,21.237428196684,734100.0
6922,2010-09-14,22.23,22.64,22.16,22.58,1174400.0,21.562101109763,1174400.0
6923,2010-09-15,22.53,22.8,22.33,22.75,764700.0,21.724437566302,764700.0
6924,2010-09-16,22.69,22.81,22.32,22.32,1211600.0,21.313821823291,1211600.0
6925,2010-09-17,22.27,22.47,22.18,22.23,1267800.0,21.227878993358,1267800.0
6926,2010-09-20,22.34,22.51,22.2,22.42,1862700.0,21.409313856549,1862700.0
6927,2010-09-21,22.4,22.76,22.32,22.71,1317200.0,21.686240752999,1317200.0
6928,2010-09-22,22.69,22.85,22.36,22.45,1070300.0,21.437961466527,1070300.0
6929,2010-09-23,22.27,22.65,22.16,22.48,789600.0,21.466609076505,789600.0
6930,2010-09-24,22.89,23.37,22.8,23.17,1755600.0,22.125504105988004,1755600.0
6931,2010-09-27,23.17,23.21,22.94,23.09,696800.0,22.049110479381,696800.0
6932,2010-09-28,23.15,23.26,22.95,23.18,1627300.0,22.135053309314,1627300.0
6933,2010-09-29,23.11,23.2,22.88,23.02,1711300.0,21.982266056100002,1711300.0
6934,2010-09-30,23.06,23.35,22.98,23.14,1752500.0,22.09685649601,1752500.0
6935,2010-10-01,23.18,23.34,22.78,23.02,2043400.0,21.982266056100002,2043400.0
6936,2010-10-04,22.91,23.12,22.49,22.64,2250400.0,21.619396329717997,2250400.0
6937,2010-10-05,22.92,23.36,22.88,23.33,1271800.0,22.278291359201997,1271800.0
6938,2010-10-06,23.3,23.31,22.6,22.77,1099400.0,21.743535972954007,1099400.0
6939,2010-10-07,22.92,23.01,22.61,22.67,1828100.0,21.648043939696002,1828100.0
6940,2010-10-08,22.67,23.0,22.67,22.88,2016500.0,21.848577209538004,2016500.0
6941,2010-10-11,23.28,23.48,23.09,23.27,1743800.0,22.220996139246,1743800.0
6942,2010-10-12,23.22,23.24,22.9,23.14,2537200.0,22.09685649601,2537200.0
6943,2010-10-13,23.28,23.74,23.24,23.52,1368200.0,22.459726222392998,1368200.0
6944,2010-10-14,23.53,23.6,23.19,23.3,725100.0,22.249643749224,725100.0
6945,2010-10-15,23.49,23.59,23.01,23.21,908600.0,22.163700919291,908600.0
6946,2010-10-18,23.25,23.62,23.18,23.6,753200.0,22.536119848999,753200.0
6947,2010-10-19,23.29,23.29,22.66,22.79,1843100.0,21.762634379606,1843100.0
6948,2010-10-20,22.76,23.29,22.6,23.1,1591200.0,22.125504105988004,1591200.0
6949,2010-10-21,23.16,23.54,23.09,23.25,983400.0,22.269176210572,983400.0
6950,2010-10-22,23.32,23.43,23.16,23.43,757000.0,22.441582736074,757000.0
6951,2010-10-25,23.46,23.78,23.46,23.61,887700.0,22.613989261574996,887700.0
6952,2010-10-26,23.47,23.51,23.26,23.31,784200.0,22.326645052406,784200.0
6953,2010-10-27,23.17,23.63,23.13,23.34,1192900.0,22.355379473323,1192900.0
6954,2010-10-28,23.51,23.65,23.16,23.26,630700.0,22.278754350878,630700.0
6955,2010-10-29,23.17,23.5,23.17,23.45,1469100.0,22.460739016685,1469100.0
6956,2010-11-01,23.56,23.65,23.34,23.53,1004300.0,22.537364139130002,1004300.0
6957,2010-11-02,23.79,23.93,23.53,23.63,935900.0,22.633145542185996,935900.0
6958,2010-11-03,23.61,23.74,23.24,23.64,619600.0,22.642723682491997,619600.0
6959,2010-11-04,23.96,24.11,23.79,24.07,1178700.0,23.054583715633,1178700.0
6960,2010-11-05,24.19,24.51,23.96,24.0,2969300.0,22.987536733494,2969300.0
6961,2010-11-08,23.89,24.05,23.67,23.77,1432300.0,22.767239506465,1432300.0
6962,2010-11-09,23.78,23.87,23.65,23.74,1572800.0,22.738505085548,1572800.0
6963,2010-11-10,23.73,23.95,23.49,23.94,938900.0,22.93006789166,938900.0
6964,2010-11-11,23.72,24.08,23.5,24.07,1395500.0,23.054583715633,1395500.0
6965,2010-11-12,23.89,24.14,23.72,23.94,1032900.0,22.93006789166,1032900.0
6966,2010-11-15,23.99,24.06,23.72,23.75,803300.0,22.748083225852998,803300.0
6967,2010-11-16,23.54,23.66,23.14,23.21,1148200.0,22.23086364935,1148200.0
6968,2010-11-17,23.2,23.51,23.14,23.38,887400.0,22.393692034545,887400.0
6969,2010-11-18,23.6,24.01,23.6,23.96,1136400.0,22.949224172272,1136400.0
6970,2010-11-19,23.97,24.1,23.77,23.98,989100.0,22.968380452883,989100.0
6971,2010-11-22,23.86,24.03,23.68,24.0,921000.0,22.987536733494,921000.0
6972,2010-11-23,23.68,23.76,23.46,23.49,1095600.0,22.499051577907,1095600.0
6973,2010-11-24,23.71,24.01,23.71,23.91,1093800.0,22.901333470742998,1093800.0
6974,2010-11-26,23.71,23.77,23.53,23.62,624800.0,22.623567401879995,624800.0
6975,2010-11-29,23.46,23.53,23.16,23.46,1249200.0,22.47031715699,1249200.0
6976,2010-11-30,23.21,23.68,23.17,23.3,1447800.0,22.3170669121,1447800.0
6977,2010-12-01,23.67,24.1,23.6,23.93,1246800.0,22.920489751355,1246800.0
6978,2010-12-02,23.95,24.65,23.91,24.37,1274100.0,23.341927924801997,1274100.0
6979,2010-12-03,24.23,24.83,24.23,24.77,883900.0,23.725053537027,883900.0
6980,2010-12-06,24.37,24.61,24.3,24.42,740200.0,23.389818626329998,740200.0
6981,2010-12-07,24.65,24.74,24.52,24.62,933500.0,23.581381432443,933500.0
6982,2010-12-08,24.68,24.78,24.37,24.71,973300.0,23.667584695193,973300.0
6983,2010-12-09,24.78,25.11,24.59,25.07,2344200.0,24.012397746195997,2344200.0
6984,2010-12-10,25.18,25.66,25.1,25.42,1553500.0,24.347632656892,1553500.0
6985,2010-12-13,25.48,25.77,25.48,25.56,1071800.0,24.481726621171,1071800.0
6986,2010-12-14,25.56,25.94,25.47,25.68,1077700.0,24.596664304839,1077700.0
6987,2010-12-15,25.63,25.9,25.51,25.67,1205400.0,24.587086164533,1205400.0
6988,2010-12-16,25.63,25.9,25.49,25.9,656900.0,24.807383391562,656900.0
6989,2010-12-17,25.9,26.04,25.71,26.04,1130200.0,24.941477355841,1130200.0
6990,2010-12-20,26.03,26.16,25.98,26.14,1226000.0,25.037258758897,1226000.0
6991,2010-12-21,26.19,26.24,26.0,26.1,570400.0,24.998946197675,570400.0
6992,2010-12-22,26.08,26.18,26.02,26.12,689000.0,25.018102478286,689000.0
6993,2010-12-23,26.12,26.23,26.01,26.08,501700.0,24.979789917063,501700.0
6994,2010-12-27,26.03,26.14,25.96,26.09,589600.0,24.989368057369,589600.0
6995,2010-12-28,26.1,26.1,25.85,25.94,587800.0,24.845695952785,587800.0
6996,2010-12-29,26.01,26.09,25.85,25.85,483100.0,24.759492690033998,483100.0
6997,2010-12-30,25.88,26.05,25.78,25.92,601400.0,24.826539672174,601400.0
6998,2010-12-31,25.86,25.96,25.8,25.82,483500.0,24.730758269116997,483500.0
6999,2011-01-03,26.02,26.05,25.81,25.9,970500.0,24.807383391562,970500.0
7000,2011-01-04,25.95,25.95,25.48,25.6,1156300.0,24.520039182393997,1156300.0
7001,2011-01-05,25.5,25.72,25.33,25.41,1330600.0,24.338054516587,1330600.0
7002,2011-01-06,25.45,25.78,25.42,25.77,1311300.0,24.682867567589003,1311300.0
7003,2011-01-07,25.76,25.98,25.56,25.63,967500.0,24.54877360331,967500.0
7004,2011-01-10,25.46,25.82,25.39,25.79,446000.0,24.702023848200003,446000.0
7005,2011-01-11,25.95,26.09,25.82,26.07,810100.0,24.970211776758,810100.0
7006,2011-01-12,26.15,26.36,25.96,26.0,639500.0,24.903164794619002,639500.0
7007,2011-01-13,25.97,26.12,25.77,25.81,549300.0,24.721180128811998,549300.0
7008,2011-01-14,25.8,25.8,25.49,25.54,706200.0,24.462570340560003,706200.0
7009,2011-01-18,25.59,25.73,25.35,25.63,1714700.0,24.54877360331,1714700.0
7010,2011-01-19,25.62,25.62,25.02,25.18,846400.0,24.184804271697,846400.0
7011,2011-01-20,25.17,25.2,24.79,24.84,718700.0,23.858242180657,718700.0
7012,2011-01-21,25.04,25.23,24.67,24.72,996400.0,23.742984972055,996400.0
7013,2011-01-24,24.75,25.34,24.69,24.95,1272900.0,23.963894621876,1272900.0
7014,2011-01-25,24.83,25.16,24.68,25.14,1044700.0,24.146385202163,1044700.0
7015,2011-01-26,25.2,25.67,25.17,25.58,1117400.0,24.568994967038,1117400.0
7016,2011-01-27,25.58,26.04,25.53,26.01,1172900.0,24.981999964529,1172900.0
7017,2011-01-28,26.03,26.06,25.23,25.57,1503700.0,24.559390199654,1503700.0
7018,2011-01-31,25.63,25.67,25.3,25.58,810400.0,24.568994967038,810400.0
7019,2011-02-01,25.79,26.15,25.68,26.0,1057200.0,24.972395197144998,1057200.0
7020,2011-02-02,25.87,26.06,25.65,25.93,686200.0,24.905161825461,686200.0
7021,2011-02-03,25.78,25.99,25.37,25.96,1207600.0,24.933976127610997,1207600.0
7022,2011-02-04,26.65,26.9,25.94,26.64,2226200.0,25.587100309689998,2226200.0
7023,2011-02-07,26.66,26.74,26.29,26.45,1742000.0,25.404609729404,1742000.0
7024,2011-02-08,26.57,26.82,26.34,26.71,1187000.0,25.654333681374997,1187000.0
7025,2011-02-09,26.68,26.73,26.54,26.69,1144600.0,25.635124146608,1144600.0
7026,2011-02-10,26.61,27.0,26.54,26.91,1058300.0,25.846429029045,1058300.0
7027,2011-02-11,26.73,27.05,26.72,27.03,1068400.0,25.961686237648,1068400.0
7028,2011-02-14,26.96,27.12,26.87,27.1,808600.0,26.028919609332,808600.0
7029,2011-02-15,26.96,26.96,26.68,26.81,935300.0,25.75038135521,935300.0
7030,2011-02-16,26.84,27.16,26.84,26.96,904500.0,25.894452865963,904500.0
7031,2011-02-17,26.86,26.98,26.59,26.91,1264100.0,25.846429029045,1264100.0
7032,2011-02-18,26.89,27.1,26.84,26.98,1030000.0,25.91366240073,1030000.0
7033,2011-02-22,26.67,26.98,26.39,26.51,1366000.0,25.462238333705002,1366000.0
7034,2011-02-23,26.56,26.79,25.73,25.93,1535300.0,24.905161825461,1535300.0
7035,2011-02-24,26.33,28.37,26.16,27.72,7417400.0,26.62441518711,7417400.0
7036,2011-02-25,27.46,27.46,26.43,26.5,3753100.0,25.452633566321,3753100.0
7037,2011-02-28,26.55,26.71,26.26,26.5,2627300.0,25.452633566321,2627300.0
7038,2011-03-01,26.6,27.17,26.59,27.08,2762800.0,26.009710074565,2762800.0
7039,2011-03-02,26.98,27.53,26.98,27.43,2037800.0,26.345876932988,2037800.0
7040,2011-03-03,27.62,28.25,27.57,28.03,2318200.0,26.922162975998997,2318200.0
7041,2011-03-04,28.02,28.02,27.52,27.77,1492000.0,26.672439024028,1492000.0
7042,2011-03-07,27.92,27.92,27.15,27.33,1373900.0,26.249829259153,1373900.0
7043,2011-03-08,27.4,27.78,27.05,27.7,947100.0,26.605205652343002,947100.0
7044,2011-03-09,27.6,27.71,27.13,27.49,756700.0,26.403505537289,756700.0
7045,2011-03-10,27.23,27.23,26.68,26.86,932400.0,25.798405192128,932400.0
7046,2011-03-11,26.62,27.02,26.4,26.98,885700.0,25.91366240073,885700.0
7047,2011-03-14,26.81,26.94,26.36,26.51,1023500.0,25.462238333705002,1023500.0
7048,2011-03-15,25.93,26.2,25.63,26.12,1669200.0,25.087652405746997,1669200.0
7049,2011-03-16,26.0,26.11,25.55,25.6,1675500.0,24.588204501805,1675500.0
7050,2011-03-17,25.92,26.04,25.53,25.74,3276100.0,24.722671245174,3276100.0
7051,2011-03-18,26.1,26.13,25.46,25.6,3020900.0,24.588204501805,3020900.0
7052,2011-03-21,25.87,26.1,25.85,25.89,1612200.0,24.866742755927,1612200.0
7053,2011-03-22,25.91,26.02,25.62,25.84,1352000.0,24.818718919008997,1352000.0
7054,2011-03-23,25.76,25.92,25.46,25.83,1321700.0,24.809114151625,1321700.0
7055,2011-03-24,26.01,26.26,25.61,26.04,1806000.0,25.010814266679002,1806000.0
7056,2011-03-25,26.14,26.28,26.0,26.02,1482500.0,24.991604731912,1482500.0
7057,2011-03-28,26.13,26.25,25.9,25.92,1163800.0,24.895557058077003,1163800.0
7058,2011-03-29,25.88,26.22,25.85,26.17,735300.0,25.135676242665,735300.0
7059,2011-03-30,26.25,26.68,26.25,26.39,1175600.0,25.346981125102,1175600.0
7060,2011-03-31,26.39,26.41,26.11,26.27,667700.0,25.231723916500002,667700.0
7061,2011-04-01,26.31,26.39,26.15,26.38,2249200.0,25.337376357719002,2249200.0
7062,2011-04-04,26.49,26.98,26.35,26.82,1826300.0,25.759986122594,1826300.0
7063,2011-04-05,26.81,27.13,26.65,26.91,1245900.0,25.846429029045,1245900.0
7064,2011-04-06,26.98,27.05,26.63,26.73,806500.0,25.673543216142,806500.0
7065,2011-04-07,26.68,26.93,26.59,26.71,861700.0,25.654333681374997,861700.0
7066,2011-04-08,26.78,26.88,26.53,26.72,713300.0,25.663938448758,713300.0
7067,2011-04-11,26.66,26.78,26.53,26.66,927900.0,25.606309844457,927900.0
7068,2011-04-12,26.48,26.65,26.39,26.53,1036400.0,25.481447868472,1036400.0
7069,2011-04-13,26.57,26.63,26.33,26.5,525800.0,25.452633566321,525800.0
7070,2011-04-14,26.39,26.39,26.05,26.24,1162100.0,25.20290961435,1162100.0
7071,2011-04-15,26.33,26.89,26.25,26.71,1738900.0,25.654333681374997,1738900.0
7072,2011-04-18,26.44,26.44,26.04,26.35,945700.0,25.308562055568,945700.0
7073,2011-04-19,26.23,26.29,26.0,26.28,638600.0,25.308562055568,638600.0
7074,2011-04-20,26.64,27.06,26.59,26.97,983800.0,25.97305626479,983800.0
7075,2011-04-21,27.11,27.17,26.96,27.1,535500.0,26.098250825948,535500.0
7076,2011-04-25,27.1,27.11,26.73,26.91,330500.0,25.91527415964,330500.0
7077,2011-04-26,27.13,27.67,27.12,27.57,915600.0,26.550877316286996,915600.0
7078,2011-04-27,27.64,27.86,27.35,27.8,1084100.0,26.772375386027,1084100.0
7079,2011-04-28,27.69,28.05,27.59,28.01,1120500.0,26.974612754050998,1120500.0
7080,2011-04-29,28.02,28.45,27.9,28.27,1000000.0,27.225001876367003,1000000.0
7081,2011-05-02,28.4,28.63,28.29,28.46,885600.0,27.407978542673998,885600.0
7082,2011-05-03,28.43,28.44,28.15,28.32,881400.0,27.273153630658,881400.0
7083,2011-05-04,28.28,28.34,27.79,27.99,592200.0,26.955352052335,592200.0
7084,2011-05-05,27.87,28.13,27.61,27.8,837100.0,26.772375386027,837100.0
7085,2011-05-06,28.27,28.75,27.86,27.94,1322000.0,26.907200298042998,1322000.0
7086,2011-05-09,27.91,28.1,27.89,28.04,996900.0,27.003503806626,996900.0
7087,2011-05-10,28.06,28.39,28.06,28.22,968700.0,27.176850122075,968700.0
7088,2011-05-11,28.17,28.28,27.87,28.09,744100.0,27.051655560918004,744100.0
7089,2011-05-12,27.94,28.47,27.93,28.31,750000.0,27.2635232798,750000.0
7090,2011-05-13,28.4,28.6,27.91,28.05,835300.0,27.013134157484004,835300.0
7091,2011-05-16,28.04,28.43,27.94,28.19,1023700.0,27.147959069499997,1023700.0
7092,2011-05-17,28.04,28.11,27.57,27.76,921700.0,26.733853982594,921700.0
7093,2011-05-18,27.79,28.27,27.71,28.23,1078400.0,27.186480472933997,1078400.0
7094,2011-05-19,28.38,28.5,28.05,28.23,878600.0,27.186480472933997,878600.0
7095,2011-05-20,28.27,28.27,27.58,27.89,846100.0,26.859048543752,846100.0
7096,2011-05-23,27.56,27.56,27.17,27.3,1164300.0,26.290857843113,1164300.0
7097,2011-05-24,27.28,27.45,27.05,27.14,679700.0,26.136772229381,679700.0
7098,2011-05-25,27.05,27.47,27.01,27.29,801600.0,26.281227492255002,801600.0
7099,2011-05-26,27.24,27.63,27.08,27.55,590100.0,26.53161661457,590100.0
7100,2011-05-27,27.67,27.82,27.53,27.71,657500.0,26.685702228302997,657500.0
7101,2011-05-31,27.88,28.0,27.39,27.69,1057000.0,26.666441526586,1057000.0
7102,2011-06-01,27.6,27.74,27.17,27.22,839500.0,26.213815036247002,839500.0
7103,2011-06-02,27.19,27.32,26.93,26.99,619600.0,25.992316966506,619600.0
7104,2011-06-03,26.69,26.76,26.35,26.4,810400.0,25.424126265868,810400.0
7105,2011-06-06,26.29,26.4,26.06,26.11,1052000.0,25.144846090977996,1052000.0
7106,2011-06-07,26.25,26.39,26.06,26.22,674100.0,25.250779950419002,674100.0
7107,2011-06-08,26.1,26.39,25.94,26.35,1249600.0,25.375974511576,1249600.0
7108,2011-06-09,26.37,26.71,26.31,26.57,768600.0,25.587842230459,768600.0
7109,2011-06-10,26.45,26.51,26.05,26.08,828400.0,25.115955038403,828400.0
7110,2011-06-13,26.12,26.18,25.71,25.81,700500.0,24.855935565229,700500.0
7111,2011-06-14,26.09,26.29,25.97,26.1,852700.0,25.135215740118998,852700.0
7112,2011-06-15,25.9,26.32,25.73,25.81,936700.0,24.855935565229,936700.0
7113,2011-06-16,25.76,25.91,25.52,25.77,642500.0,24.817414161796,642500.0
7114,2011-06-17,25.97,26.18,25.78,25.91,824400.0,24.952239073812,824400.0
7115,2011-06-20,25.79,26.07,25.77,26.04,715600.0,25.077433634970003,715600.0
7116,2011-06-21,26.15,26.58,26.08,26.53,498500.0,25.549320827025,498500.0
7117,2011-06-22,26.39,26.56,26.25,26.27,674100.0,25.29893170471,674100.0
7118,2011-06-23,26.01,26.23,25.54,26.18,829900.0,25.212258546986,829900.0
7119,2011-06-24,26.15,26.34,25.93,25.98,1480000.0,25.019651529820003,1480000.0
7120,2011-06-27,25.95,26.26,25.8,26.21,738200.0,25.24114959956,738200.0
7121,2011-06-28,26.31,26.75,26.26,26.74,701500.0,25.751558195049,701500.0
7122,2011-06-29,26.87,26.96,26.67,26.82,786900.0,25.828601001916,786900.0
7123,2011-06-30,26.89,27.11,26.78,26.91,972400.0,25.91527415964,972400.0
7124,2011-07-01,26.98,27.47,26.94,27.46,573400.0,26.444943456845998,573400.0
7125,2011-07-05,27.44,27.44,27.09,27.14,700000.0,26.136772229381,700000.0
7126,2011-07-06,27.15,27.51,27.03,27.51,828000.0,26.493095211137,828000.0
7127,2011-07-07,27.73,27.78,27.43,27.55,592200.0,26.53161661457,592200.0
7128,2011-07-08,27.23,27.29,26.98,27.26,751500.0,26.25233643968,751500.0
7129,2011-07-11,26.95,27.07,26.49,26.53,670300.0,25.549320827025,670300.0
7130,2011-07-12,26.48,26.53,26.27,26.3,841300.0,25.327822757285,841300.0
7131,2011-07-13,26.44,26.76,26.41,26.47,761500.0,25.491538721876,761500.0
7132,2011-07-14,26.52,26.63,26.06,26.21,616200.0,25.24114959956,616200.0
7133,2011-07-15,26.26,26.33,26.04,26.19,688200.0,25.221888897844,688200.0
7134,2011-07-18,26.08,26.2,25.68,25.86,615900.0,24.904087319520002,615900.0
7135,2011-07-19,26.09,26.48,26.06,26.45,823800.0,25.472278020159006,823800.0
7136,2011-07-20,26.44,26.44,26.08,26.37,452800.0,25.462647669301,452800.0
7137,2011-07-21,26.5,26.97,26.38,26.88,553300.0,25.955099330709,553300.0
7138,2011-07-22,26.86,26.91,26.65,26.81,315600.0,25.887507926202,315600.0
7139,2011-07-25,26.55,26.75,26.48,26.53,401500.0,25.617142308174,401500.0
7140,2011-07-26,26.39,26.39,25.76,25.81,1003800.0,24.921916433244,1003800.0
7141,2011-07-27,25.71,25.74,24.9,24.91,1166200.0,24.052884089582,1166200.0
7142,2011-07-28,24.94,25.0,24.42,24.46,1294500.0,23.618367917751,1294500.0
7143,2011-07-29,24.38,24.62,23.93,24.46,1124800.0,23.618367917751,1124800.0
7144,2011-08-01,24.67,24.72,23.51,23.68,1332500.0,22.865206553244,1332500.0
7145,2011-08-02,23.5,23.8,23.05,23.05,1510100.0,22.256883912680998,1510100.0
7146,2011-08-03,22.94,22.98,22.2,22.71,3196000.0,21.928582805075003,3196000.0
7147,2011-08-04,22.38,22.5,21.33,21.39,2144500.0,20.65400203437,2144500.0
7148,2011-08-05,21.64,22.82,20.91,22.5,4265700.0,21.725808591554,4265700.0
7149,2011-08-08,21.94,22.27,21.26,21.71,5552700.0,20.962991312117,5552700.0
7150,2011-08-09,22.0,22.39,20.89,22.14,3225600.0,21.378195654089,3225600.0
7151,2011-08-10,22.0,22.82,21.61,21.87,3947200.0,21.117485950989998,3947200.0
7152,2011-08-11,22.02,22.51,21.61,22.21,2767300.0,21.445787058596,2767300.0
7153,2011-08-12,22.44,22.82,22.14,22.53,1094900.0,21.754776336342,1094900.0
7154,2011-08-15,22.69,22.99,22.46,22.79,1187800.0,22.005830124511,1187800.0
7155,2011-08-16,22.58,22.78,22.36,22.61,866300.0,21.832023655779,866300.0
7156,2011-08-17,22.74,22.87,22.28,22.43,842600.0,21.658217187047,842600.0
7157,2011-08-18,21.91,21.91,20.9,21.15,1157200.0,20.42226007606,1157200.0
7158,2011-08-19,20.82,21.39,20.82,20.92,1227200.0,20.20017403268,1227200.0
7159,2011-08-22,21.41,21.46,20.77,20.84,853400.0,20.122926713243,853400.0
7160,2011-08-23,20.92,21.63,20.71,21.61,879200.0,20.866432162821,879200.0
7161,2011-08-24,21.53,21.93,21.44,21.88,711100.0,21.12714186592,711100.0
7162,2011-08-25,21.95,22.06,21.29,21.42,822800.0,20.682969779159,822800.0
7163,2011-08-26,21.34,21.93,20.84,21.9,633100.0,21.146453695778998,633100.0
7164,2011-08-29,22.18,22.79,22.18,22.78,712200.0,21.996174209582,712200.0
7165,2011-08-30,22.67,22.89,22.31,22.74,1038900.0,21.957550549864006,1038900.0
7166,2011-08-31,22.94,23.22,22.64,22.87,994700.0,22.083077443948003,994700.0
7167,2011-09-01,22.83,22.98,22.29,22.34,839900.0,21.57131395268,839900.0
7168,2011-09-02,21.83,21.94,21.51,21.63,902100.0,20.88574399268,902100.0
7169,2011-09-06,20.98,21.4,20.67,21.36,1716300.0,20.625034289582,1716300.0
7170,2011-09-07,21.69,22.25,21.59,22.05,1277500.0,21.291292419723,1277500.0
7171,2011-09-08,22.0,22.0,20.71,20.75,3097800.0,20.036023478877002,3097800.0
7172,2011-09-09,20.62,20.81,20.16,20.28,1911500.0,19.582195477187,1911500.0
7173,2011-09-12,20.05,20.35,19.9,20.32,1327300.0,19.620819136905,1327300.0
7174,2011-09-13,20.38,20.59,20.15,20.55,1249500.0,19.842905180286,1249500.0
7175,2011-09-14,20.74,21.37,20.37,21.1,1018800.0,20.373980501413,1018800.0
7176,2011-09-15,21.37,21.38,20.81,21.08,1209400.0,20.354668671553,1209400.0
7177,2011-09-16,21.16,21.31,20.91,21.04,1017600.0,20.316045011835,1017600.0
7178,2011-09-19,20.69,20.74,20.36,20.57,1045400.0,19.862217010145,1045400.0
7179,2011-09-20,20.59,21.07,20.35,20.37,1327500.0,19.669098711552998,1327500.0
7180,2011-09-21,20.38,20.49,19.51,19.51,906100.0,18.838690027609,906100.0
7181,2011-09-22,19.02,19.09,18.6,18.84,1124900.0,18.191743727328,1124900.0
7182,2011-09-23,18.68,19.5,18.68,19.24,1488300.0,18.577980324511,1488300.0
7183,2011-09-26,19.25,19.64,18.91,19.61,1125200.0,18.935249176905,1125200.0
7184,2011-09-27,19.88,20.61,19.81,19.97,1700000.0,19.28286211437,1700000.0
7185,2011-09-28,19.98,20.0,19.0,19.06,1400200.0,18.404173855778,1400200.0
7186,2011-09-29,19.36,19.59,18.94,19.58,1282500.0,18.906281432116,1282500.0
7187,2011-09-30,19.37,19.63,19.21,19.21,1516900.0,18.549012579722,1516900.0
7188,2011-10-03,19.07,19.3,18.36,18.44,1568800.0,17.805507130144,1568800.0
7189,2011-10-04,18.22,19.39,18.05,19.37,2307300.0,18.703507218595,2307300.0
7190,2011-10-05,18.8,19.28,18.65,19.0,2226500.0,18.346238366201,2226500.0
7191,2011-10-06,18.95,19.6,18.86,19.55,2208100.0,18.877313687328,2208100.0
7192,2011-10-07,19.27,19.31,17.48,17.93,3582400.0,17.313055468736,3582400.0
7193,2011-10-10,18.17,18.74,18.13,18.39,2606500.0,17.757227555497,2606500.0
7194,2011-10-11,18.22,18.77,18.22,18.77,1469100.0,18.124152322821,1469100.0
7195,2011-10-12,18.84,19.27,18.78,18.99,987900.0,18.336582451271,987900.0
7196,2011-10-13,18.9,18.9,18.39,18.75,684000.0,18.104840492961,684000.0
7197,2011-10-14,18.98,19.25,18.94,19.21,908800.0,18.549012579722,908800.0
7198,2011-10-17,19.05,19.14,18.57,18.61,1125800.0,17.969657683947002,1125800.0
7199,2011-10-18,18.63,19.16,18.5,19.01,1413800.0,18.35589428113,1413800.0
7200,2011-10-19,18.95,19.06,18.73,18.78,941000.0,18.201399642256998,941000.0
7201,2011-10-20,18.74,19.0,18.51,18.98,891300.0,18.395237764113,891300.0
7202,2011-10-21,19.21,19.66,19.18,19.39,1115200.0,18.792605913917,1115200.0
7203,2011-10-24,19.44,20.11,19.42,20.02,1349400.0,19.403195997763,1349400.0
7204,2011-10-25,19.82,20.18,19.49,19.58,2134700.0,18.976752129679998,2134700.0
7205,2011-10-26,19.76,19.76,18.81,19.41,1764300.0,18.811989726103,1764300.0
7206,2011-10-27,20.04,20.86,19.72,20.78,2427300.0,20.139780860815,2427300.0
7207,2011-10-28,20.7,21.67,20.65,21.61,2330400.0,20.944209066516,2330400.0
7208,2011-10-31,21.43,21.43,20.62,20.67,1531100.0,20.033169893794,1531100.0
7209,2011-11-01,20.06,20.33,19.69,19.71,1490600.0,19.102746908887,1490600.0
7210,2011-11-02,19.97,20.11,19.68,19.8,1577300.0,19.189974063722,1577300.0
7211,2011-11-03,20.09,20.69,19.68,20.63,1725200.0,19.994402269423002,1725200.0
7212,2011-11-04,19.63,20.26,19.15,19.56,2980500.0,18.957368317495,2980500.0
7213,2011-11-07,19.63,20.12,19.49,20.1,1564000.0,19.480731246505,1564000.0
7214,2011-11-08,20.17,20.44,19.97,20.39,1517500.0,19.761796523196,1517500.0
7215,2011-11-09,19.97,19.97,19.14,19.36,1356400.0,18.763530195639,1356400.0
7216,2011-11-10,19.69,19.76,19.27,19.35,1883300.0,18.753838289546,1883300.0
7217,2011-11-11,19.67,19.75,19.46,19.56,2018700.0,18.957368317495,2018700.0
7218,2011-11-14,19.46,19.64,19.27,19.45,928600.0,18.850757350474,928600.0
7219,2011-11-15,19.61,19.72,19.36,19.6,1697400.0,18.996135941866,1697400.0
7220,2011-11-16,19.39,19.57,19.2,19.21,1585200.0,18.618151604247,1585200.0
7221,2011-11-17,19.22,19.23,18.59,18.79,1143600.0,18.21109154835,1143600.0
7222,2011-11-18,18.89,18.98,18.61,18.84,1391700.0,18.259551078814003,1391700.0
7223,2011-11-21,18.51,18.53,18.13,18.35,1402500.0,17.784647680267,1402500.0
7224,2011-11-22,18.29,18.43,17.88,17.92,1648400.0,17.367895718276998,1648400.0
7225,2011-11-23,17.76,17.83,17.55,17.56,1078100.0,17.018987098937,1078100.0
7226,2011-11-25,17.5,17.72,17.45,17.49,220000.0,16.951143756287,220000.0
7227,2011-11-28,18.05,18.23,17.88,18.11,802400.0,17.552041934040002,802400.0
7228,2011-11-29,18.13,18.28,17.87,17.9,695000.0,17.348511906092,695000.0
7229,2011-11-30,18.47,18.94,18.47,18.92,1730300.0,18.337086327556,1730300.0
7230,2011-12-01,18.83,19.14,18.78,18.95,2190400.0,18.366162045835,2190400.0
7231,2011-12-02,19.13,19.17,18.94,19.0,1728000.0,18.414621576298998,1728000.0
7232,2011-12-05,19.33,19.43,18.99,19.16,1727300.0,18.569692073783,1727300.0
7233,2011-12-06,19.18,19.2,18.92,19.1,1166700.0,18.511540637226,1166700.0
7234,2011-12-07,18.95,19.33,18.75,19.29,1553400.0,18.695686852989,1553400.0
7235,2011-12-08,19.06,19.13,18.58,18.63,1893100.0,18.056021050865,1893100.0
7236,2011-12-09,18.73,19.0,18.62,18.96,908700.0,18.375853951927,908700.0
7237,2011-12-12,18.7,18.74,18.38,18.51,1170000.0,17.939718177752,1170000.0
7238,2011-12-13,18.66,18.77,17.99,18.11,1168800.0,17.552041934040002,1168800.0
7239,2011-12-14,17.99,18.1,17.73,18.02,1146300.0,17.464814779205,1146300.0
7240,2011-12-15,18.48,18.87,18.41,18.67,1747200.0,18.094788675236,1747200.0
7241,2011-12-16,18.85,18.85,18.39,18.57,1080000.0,17.997869614309,1080000.0
7242,2011-12-19,18.6,18.88,18.38,18.43,982200.0,17.86218292901,982200.0
7243,2011-12-20,18.8,19.4,18.74,19.37,1129400.0,18.773222101732,1129400.0
7244,2011-12-21,19.4,19.45,19.04,19.34,1269400.0,18.744146383453,1269400.0
7245,2011-12-22,19.33,19.78,19.33,19.63,1169100.0,19.025211660144,1169100.0
7246,2011-12-23,19.62,19.95,19.61,19.82,673000.0,19.209357875907,673000.0
7247,2011-12-27,19.82,20.05,19.73,19.94,611700.0,19.325660749021,611700.0
7248,2011-12-28,20.01,20.01,19.46,19.55,1050300.0,18.947676411402,1050300.0
7249,2011-12-29,19.59,20.02,19.5,19.85,673700.0,19.238433594186002,673700.0
7250,2011-12-30,19.84,20.15,19.77,20.0,594800.0,19.383812185577,594800.0
7251,2012-01-03,20.37,20.78,20.35,20.6,1437300.0,19.965326551145,1437300.0
7252,2012-01-04,20.56,20.7,20.3,20.37,701000.0,19.742412711011,701000.0
7253,2012-01-05,20.27,20.63,20.26,20.53,645800.0,19.897483208495,645800.0
7254,2012-01-06,20.52,21.15,20.52,21.12,1239000.0,20.46930566797,1239000.0
7255,2012-01-09,21.13,21.36,20.87,21.24,1185900.0,20.585608541083,1185900.0
7256,2012-01-10,21.57,21.88,21.55,21.76,1192300.0,21.089587657908,1192300.0
7257,2012-01-11,21.71,22.05,21.61,22.03,1114200.0,21.351269122414,1114200.0
7258,2012-01-12,22.07,22.42,21.82,22.37,1592000.0,21.680793929568,1592000.0
7259,2012-01-13,22.18,22.36,22.06,22.32,1220900.0,21.632334399104,1220900.0
7260,2012-01-17,22.52,22.89,22.42,22.7,1483900.0,22.00062683063,1483900.0
7261,2012-01-18,22.63,23.18,22.56,23.16,1561800.0,22.514297853548,1561800.0
7262,2012-01-19,23.22,23.71,23.15,23.39,1939200.0,22.737885440177003,1939200.0
7263,2012-01-20,23.39,23.53,23.1,23.34,774600.0,22.689279443083,774600.0
7264,2012-01-23,23.33,23.7,23.17,23.22,997000.0,22.57262505006,997000.0
7265,2012-01-24,23.01,23.94,23.01,23.84,1258000.0,23.175339414015003,1258000.0
7266,2012-01-25,23.93,24.32,23.92,24.12,1123900.0,23.447532997737003,1123900.0
7267,2012-01-26,24.36,24.36,23.74,23.81,1036900.0,23.146175815759,1036900.0
7268,2012-01-27,23.79,24.1,23.66,23.99,741300.0,23.321157405294,741300.0
7269,2012-01-30,23.72,23.94,23.6,23.82,617100.0,23.155897015178,617100.0
7270,2012-01-31,23.92,24.2,23.77,23.98,829300.0,23.311436205876003,829300.0
7271,2012-02-01,24.22,25.08,24.22,24.96,3068100.0,24.264113748902002,3068100.0
7272,2012-02-02,24.95,25.26,24.46,24.69,2324600.0,24.001641364599,2324600.0
7273,2012-02-03,26.39,27.41,26.14,26.23,3026400.0,25.498706075068,3026400.0
7274,2012-02-06,26.07,26.3,25.83,26.0,1268000.0,25.275118488439002,1268000.0
7275,2012-02-07,25.98,26.41,25.88,26.18,1425500.0,25.450100077975,1425500.0
7276,2012-02-08,26.14,26.32,26.0,26.29,1162700.0,25.557033271578998,1162700.0
7277,2012-02-09,26.3,26.52,26.03,26.49,1083900.0,25.751457259952,1083900.0
7278,2012-02-10,26.19,26.19,25.75,25.89,1390700.0,25.168185294834,1390700.0
7279,2012-02-13,26.15,26.23,25.96,26.07,633300.0,25.343166884370003,633300.0
7280,2012-02-14,26.0,26.17,25.81,26.08,1079600.0,25.352888083788,1079600.0
7281,2012-02-15,26.22,26.78,26.04,26.4,1522500.0,25.663966465184004,1522500.0
7282,2012-02-16,26.41,26.89,26.26,26.86,1031900.0,26.111141638441,1031900.0
7283,2012-02-17,26.96,27.13,26.65,26.96,1420700.0,26.208353632628,1420700.0
7284,2012-02-21,27.0,27.1,26.54,26.59,856700.0,25.848669254138,856700.0
7285,2012-02-22,26.52,26.99,26.51,26.86,966800.0,26.111141638441,966800.0
7286,2012-02-23,26.79,26.87,26.48,26.65,819500.0,25.906996450650002,819500.0
7287,2012-02-24,26.77,27.34,26.7,27.24,1465800.0,26.480547216349002,1465800.0
7288,2012-02-27,27.03,27.27,26.77,27.14,857000.0,26.383335222163,857000.0
7289,2012-02-28,27.16,27.3,26.87,27.23,951400.0,26.470826016931,951400.0
7290,2012-02-29,27.21,27.39,26.93,27.0,970500.0,26.247238430302,970500.0
7291,2012-03-01,27.09,27.27,26.9,26.99,1279400.0,26.237517230884,1279400.0
7292,2012-03-02,26.97,27.24,26.74,26.74,1068500.0,25.994487245418,1068500.0
7293,2012-03-05,26.76,26.93,26.36,26.57,888100.0,25.829226855301,888100.0
7294,2012-03-06,26.17,26.41,25.73,25.86,2334600.0,25.139021696578002,2334600.0
7295,2012-03-07,25.89,26.44,25.85,26.21,1259100.0,25.47926367623,1259100.0
7296,2012-03-08,26.39,26.64,25.96,26.61,1012600.0,25.868111652975998,1012600.0
7297,2012-03-09,26.62,26.85,26.52,26.76,1103100.0,26.013929644255,1103100.0
7298,2012-03-12,26.75,26.87,26.35,26.45,517700.0,25.712572462278,517700.0
7299,2012-03-13,26.84,27.25,26.67,27.21,894800.0,26.451383618093,894800.0
7300,2012-03-14,27.16,27.31,26.93,27.02,811800.0,26.26668082914,811800.0
7301,2012-03-15,27.03,27.71,26.88,27.31,929000.0,26.548595612280003,929000.0
7302,2012-03-16,27.31,27.6,27.2,27.3,894100.0,26.538874412861,894100.0
7303,2012-03-19,27.2,27.53,27.08,27.34,416700.0,26.577759210535998,416700.0
7304,2012-03-20,27.16,27.31,27.12,27.22,549900.0,26.461104817512002,549900.0
7305,2012-03-21,27.21,27.29,26.94,27.16,339600.0,26.402777621,339600.0
7306,2012-03-22,27.28,27.28,26.64,27.05,639000.0,26.295844427395,639000.0
7307,2012-03-23,27.07,27.36,26.95,27.33,591800.0,26.568038011117,591800.0
7308,2012-03-26,27.55,27.85,27.46,27.84,1120800.0,27.063819181467,1120800.0
7309,2012-03-27,27.95,28.0,27.76,27.85,837600.0,27.073540380886,837600.0
7310,2012-03-28,27.85,27.96,27.36,27.58,984100.0,26.811067996583,984100.0
7311,2012-03-29,27.33,27.69,27.2,27.67,781800.0,26.898558791350002,781800.0
7312,2012-03-30,27.81,27.81,27.49,27.66,747700.0,26.888837591932006,747700.0
7313,2012-04-02,27.58,28.16,27.58,27.97,1472100.0,27.190194773909006,1472100.0
7314,2012-04-03,28.17,28.23,27.6,27.7,1651900.0,26.927722389606,1651900.0
7315,2012-04-04,27.43,27.63,27.28,27.36,1949100.0,26.597201609373002,1949100.0
7316,2012-04-05,27.29,27.45,27.18,27.35,568400.0,26.587480409954,568400.0
7317,2012-04-09,26.92,26.99,26.61,26.75,865500.0,26.004208444836006,865500.0
7318,2012-04-10,26.69,26.73,25.97,25.99,1960100.0,25.265397289021,1960100.0
7319,2012-04-11,26.14,26.51,26.1,26.43,852100.0,25.693130063439998,852100.0
7320,2012-04-12,26.43,26.98,26.33,26.9,508900.0,26.150026436116,508900.0
7321,2012-04-13,26.9,26.91,26.26,26.26,488500.0,25.527869673324,488500.0
7322,2012-04-16,26.37,26.49,25.83,26.15,922500.0,25.420936479719,922500.0
7323,2012-04-17,26.42,26.97,26.31,26.79,802200.0,26.043093242511002,802200.0
7324,2012-04-18,26.67,26.7,26.43,26.56,640000.0,25.887554051813,640000.0
7325,2012-04-19,26.62,26.88,26.17,26.39,812400.0,25.721858110969,812400.0
7326,2012-04-20,26.48,26.89,26.48,26.51,775900.0,25.838819951565,775900.0
7327,2012-04-23,26.19,26.31,25.96,26.26,784000.0,25.595149450324,784000.0
7328,2012-04-24,25.85,26.21,25.56,25.88,1839700.0,25.224770288438002,1839700.0
7329,2012-04-25,26.22,26.9,26.22,26.74,1320500.0,26.062996812705997,1320500.0
7330,2012-04-26,26.75,26.97,26.58,26.84,1015700.0,26.160465013203,1015700.0
7331,2012-04-27,27.0,28.07,26.73,27.55,2032600.0,26.852489236725997,2032600.0
7332,2012-04-30,27.54,27.8,27.34,27.6,978600.0,26.901223336974002,978600.0
7333,2012-05-01,27.71,28.24,27.33,27.93,1192700.0,27.222868398611997,1192700.0
7334,2012-05-02,27.7,28.08,27.47,28.08,912600.0,27.369070699355998,912600.0
7335,2012-05-03,28.06,28.19,27.81,27.97,1414000.0,27.261855678811003,1414000.0
7336,2012-05-04,27.74,27.82,27.26,27.36,981400.0,26.667299655783,981400.0
7337,2012-05-07,27.22,27.7,27.17,27.53,582800.0,26.832995596627,582800.0
7338,2012-05-08,27.31,27.46,26.74,27.37,786300.0,26.677046475833002,786300.0
7339,2012-05-09,27.01,27.28,26.77,27.01,1218600.0,26.326160954046006,1218600.0
7340,2012-05-10,27.28,27.33,26.97,27.11,1055900.0,26.423629154542,1055900.0
7341,2012-05-11,26.89,27.44,26.89,27.1,633800.0,26.413882334493,633800.0
7342,2012-05-14,26.86,26.89,26.54,26.71,732200.0,26.033756352557006,732200.0
7343,2012-05-15,26.74,26.97,26.37,26.44,931400.0,25.770592211216997,931400.0
7344,2012-05-16,26.47,26.65,26.09,26.1,1085600.0,25.43920032953,1085600.0
7345,2012-05-17,26.17,26.43,25.86,25.94,1000000.0,25.283251208736,1000000.0
7346,2012-05-18,25.96,26.13,25.51,25.57,992800.0,24.9226188669,992800.0
7347,2012-05-21,25.76,26.28,25.62,26.21,792500.0,25.546415350076,792500.0
7348,2012-05-22,26.26,26.63,26.01,26.21,699600.0,25.546415350076,699600.0
7349,2012-05-23,25.98,26.3,25.69,26.23,517000.0,25.565908990175,517000.0
7350,2012-05-24,26.31,26.65,26.14,26.52,561900.0,25.848566771614,561900.0
7351,2012-05-25,26.52,26.69,26.32,26.4,356100.0,25.731604931019,356100.0
7352,2012-05-29,26.67,27.01,26.57,27.0,968700.0,26.316414133997,968700.0
7353,2012-05-30,26.57,26.79,26.55,26.65,1234700.0,25.97527543226,1234700.0
7354,2012-05-31,26.57,26.74,26.05,26.6,1176900.0,25.926541332011,1176900.0
7355,2012-06-01,26.1,26.1,25.75,25.8,2110700.0,25.146795728041,2110700.0
7356,2012-06-04,25.78,25.95,25.1,25.36,1288000.0,24.717935645858002,1288000.0
7357,2012-06-05,25.19,25.59,25.16,25.52,883600.0,24.873884766652,883600.0
7358,2012-06-06,25.79,26.1,25.57,26.08,530800.0,25.419706689431,530800.0
7359,2012-06-07,26.44,26.62,26.01,26.08,660500.0,25.419706689431,660500.0
7360,2012-06-08,25.94,26.11,25.73,26.02,801100.0,25.361225769133,801100.0
7361,2012-06-11,26.28,26.34,25.54,25.55,517900.0,24.903125226799997,517900.0
7362,2012-06-12,25.66,25.86,25.38,25.85,500900.0,25.195529828288997,500900.0
7363,2012-06-13,25.7,26.03,25.49,25.63,673800.0,24.981099787197,673800.0
7364,2012-06-14,25.65,25.76,25.16,25.43,1337400.0,24.786163386205,1337400.0
7365,2012-06-15,25.53,25.61,25.36,25.56,1052300.0,24.912872046849998,1052300.0
7366,2012-06-18,25.53,25.72,25.34,25.66,900600.0,25.010340247346,900600.0
7367,2012-06-19,26.17,26.67,26.15,26.41,1905700.0,25.741351751068002,1905700.0
7368,2012-06-20,26.46,26.61,26.18,26.37,796100.0,25.70236447087,796100.0
7369,2012-06-21,26.41,26.63,25.6,25.62,550700.0,24.971352967148,550700.0
7370,2012-06-22,25.78,25.91,25.6,25.65,960700.0,25.000593427297,960700.0
7371,2012-06-25,25.17,25.31,24.72,24.82,852700.0,24.191607363178,852700.0
7372,2012-06-26,24.91,25.04,24.73,24.83,1413700.0,24.201354183227,1413700.0
7373,2012-06-27,24.73,25.24,24.73,25.19,497300.0,24.552239705014,497300.0
7374,2012-06-28,25.01,25.1,24.72,25.07,463100.0,24.435277864418,463100.0
7375,2012-06-29,25.57,25.84,25.45,25.8,598000.0,25.146795728041,598000.0
7376,2012-07-02,26.02,26.02,25.45,25.88,977100.0,25.224770288438002,977100.0
7377,2012-07-03,25.81,26.44,25.81,26.28,547800.0,25.614643090423,547800.0
7378,2012-07-05,26.17,26.33,25.91,26.12,668500.0,25.458693969629003,668500.0
7379,2012-07-06,25.84,25.85,25.25,25.38,533300.0,24.737429285957,533300.0
7380,2012-07-09,25.28,25.42,24.88,24.9,958800.0,24.269581923575,958800.0
7381,2012-07-10,24.97,25.04,24.32,24.44,950400.0,23.821228201292,950400.0
7382,2012-07-11,24.48,24.48,24.06,24.25,1015400.0,23.636038620349,1015400.0
7383,2012-07-12,24.06,24.27,23.85,24.19,630600.0,23.577557700051,630600.0
7384,2012-07-13,24.21,24.59,24.21,24.52,722900.0,23.899202761689,722900.0
7385,2012-07-16,24.47,24.5,24.2,24.38,661900.0,23.762747280994,661900.0
7386,2012-07-17,24.44,24.67,24.11,24.51,702400.0,23.889455941639,702400.0
7387,2012-07-18,24.3,25.11,24.22,25.09,1037300.0,24.522999244864998,1037300.0
7388,2012-07-19,25.16,25.3,24.78,25.26,672900.0,24.689157470119,672900.0
7389,2012-07-20,25.09,25.16,24.72,24.85,572600.0,24.288422926859003,572600.0
7390,2012-07-23,24.62,24.62,23.92,24.4,872200.0,23.848592330598002,872200.0
7391,2012-07-24,24.38,24.38,23.73,23.88,935600.0,23.340343641585,935600.0
7392,2012-07-25,24.05,24.65,24.05,24.39,689100.0,23.838818317348,689100.0
7393,2012-07-26,24.8,25.38,24.59,24.88,646900.0,24.317744966610004,646900.0
7394,2012-07-27,24.94,25.85,24.92,25.74,898900.0,25.158310106131,898900.0
7395,2012-07-30,25.63,25.83,25.36,25.62,310500.0,25.041021947128,310500.0
7396,2012-07-31,25.58,25.77,25.41,25.55,524100.0,24.972603854376,524100.0
7397,2012-08-01,25.71,25.77,25.27,25.4,545100.0,24.825993655623,545100.0
7398,2012-08-02,25.15,25.36,24.71,24.83,857800.0,24.268874900359002,857800.0
7399,2012-08-03,25.37,27.3,25.37,26.78,2012600.0,26.174807484156,2012600.0
7400,2012-08-06,26.79,27.62,26.79,27.34,1195500.0,26.72215222617,1195500.0
7401,2012-08-07,27.41,28.18,27.36,28.02,1269200.0,27.386785127187,1269200.0
7402,2012-08-08,27.88,28.11,27.78,28.0,1575800.0,27.367237100686,1575800.0
7403,2012-08-09,28.0,28.03,27.65,27.96,656900.0,27.328141047684998,656900.0
7404,2012-08-10,27.83,27.86,27.59,27.82,527800.0,27.191304862182,527800.0
7405,2012-08-13,27.75,27.83,27.72,27.81,748200.0,27.181530848932,748200.0
7406,2012-08-14,28.0,28.01,27.45,27.51,452100.0,26.888310451423997,452100.0
7407,2012-08-15,27.47,27.59,27.41,27.56,575100.0,26.937180517675,575100.0
7408,2012-08-16,27.48,27.52,27.12,27.3,894400.0,26.683056173168996,894400.0
7409,2012-08-17,27.3,27.37,27.09,27.37,566400.0,26.751474265921,566400.0
7410,2012-08-20,27.18,27.31,27.0,27.19,447700.0,26.575542027416,447700.0
7411,2012-08-21,27.13,27.78,27.08,27.54,767800.0,26.917632491175,767800.0
7412,2012-08-22,27.47,27.69,27.23,27.53,655500.0,26.907858477925,655500.0
7413,2012-08-23,27.47,27.51,27.14,27.41,371100.0,26.790570318922,371100.0
7414,2012-08-24,27.35,27.48,27.16,27.29,353200.0,26.673282159919,353200.0
7415,2012-08-27,27.41,27.47,27.03,27.21,722900.0,26.595090053916998,722900.0
7416,2012-08-28,27.19,27.19,26.89,26.99,794000.0,26.380061762411998,794000.0
7417,2012-08-29,27.0,27.11,26.74,26.81,939300.0,26.204129523907,939300.0
7418,2012-08-30,26.72,27.03,26.56,26.95,518100.0,26.340965709411,518100.0
7419,2012-08-31,27.09,27.37,26.84,27.3,706600.0,26.683056173168996,706600.0
7420,2012-09-04,27.28,27.68,26.98,27.56,762700.0,26.937180517675,762700.0
7421,2012-09-05,27.71,27.72,27.44,27.58,535400.0,26.956728544176002,535400.0
7422,2012-09-06,27.85,28.43,27.79,28.29,900400.0,27.650683484943,900400.0
7423,2012-09-07,28.6,28.69,28.35,28.55,457100.0,27.90480782945,457100.0
7424,2012-09-10,28.45,28.55,28.37,28.45,383000.0,27.807067696946998,383000.0
7425,2012-09-11,28.43,28.91,28.32,28.78,620500.0,28.129610134205,620500.0
7426,2012-09-12,28.86,28.97,28.66,28.73,364200.0,28.080740067954,364200.0
7427,2012-09-13,28.71,29.72,28.34,29.4,1288000.0,28.735598955721002,1288000.0
7428,2012-09-14,29.5,30.92,29.5,30.36,1750300.0,29.673904227744003,1750300.0
7429,2012-09-17,30.22,30.3,29.81,30.09,1091500.0,29.410005869987,1091500.0
7430,2012-09-18,30.07,30.24,29.87,30.18,455300.0,29.497971989240003,455300.0
7431,2012-09-19,30.17,30.25,30.02,30.08,345200.0,29.400231856736998,345200.0
7432,2012-09-20,30.0,30.18,29.78,30.15,601400.0,29.468649949489002,601400.0
7433,2012-09-21,30.39,30.45,30.0,30.05,971100.0,29.370909816986998,971100.0
7434,2012-09-24,29.87,29.92,29.54,29.82,628300.0,29.146107512231,628300.0
7435,2012-09-25,30.01,30.03,29.59,29.61,577300.0,28.940853233976,577300.0
7436,2012-09-26,29.59,29.65,29.24,29.36,412600.0,28.69650290272,412600.0
7437,2012-09-27,29.52,29.65,29.38,29.55,711100.0,28.882209154474,711100.0
7438,2012-09-28,29.49,29.68,29.2,29.47,656400.0,28.804017048471998,656400.0
7439,2012-10-01,29.62,29.77,29.3,29.41,1086800.0,28.745372968971,1086800.0
7440,2012-10-02,29.45,29.55,29.27,29.48,514800.0,28.813791061723,514800.0
7441,2012-10-03,30.02,30.02,29.66,29.8,566300.0,29.12655948573,566300.0
7442,2012-10-04,29.89,30.33,29.68,30.2,1019200.0,29.517520015740004,1019200.0
7443,2012-10-05,30.33,30.87,30.24,30.4,448100.0,29.713000280745,448100.0
7444,2012-10-08,30.23,30.41,30.14,30.3,294400.0,29.615260148243,294400.0
7445,2012-10-09,30.3,30.35,29.66,29.71,585900.0,29.038593366478,585900.0
7446,2012-10-10,29.63,29.66,29.15,29.39,512900.0,28.725824942470002,512900.0
7447,2012-10-11,29.66,29.78,29.5,29.53,365900.0,28.862661127974,365900.0
7448,2012-10-12,29.57,29.78,29.57,29.69,494600.0,29.019045339978,494600.0
7449,2012-10-15,29.79,29.88,29.52,29.83,433300.0,29.155881525481,433300.0
7450,2012-10-16,30.0,30.48,29.96,30.31,426400.0,29.625034161493,426400.0
7451,2012-10-17,30.31,30.61,30.24,30.48,469500.0,29.859610479499,469500.0
7452,2012-10-18,30.48,30.48,29.32,29.43,1377400.0,28.830982165736998,1377400.0
7453,2012-10-19,29.4,29.4,28.4,28.57,1409700.0,27.988486594464998,1409700.0
7454,2012-10-22,28.46,28.65,28.11,28.47,1063600.0,27.890521993154,1063600.0
7455,2012-10-23,28.13,28.15,27.76,27.84,1257700.0,27.273345004897,1257700.0
7456,2012-10-24,28.02,28.38,27.95,28.36,1237900.0,27.782760931711998,1237900.0
7457,2012-10-25,28.56,28.75,28.38,28.5,1346300.0,27.919911373547002,1346300.0
7458,2012-10-26,29.79,31.71,29.79,31.29,2746300.0,30.653123750115,2746300.0
7459,2012-10-31,31.04,31.44,30.69,30.93,1228300.0,30.300451185397,1228300.0
7460,2012-11-01,30.92,31.69,30.6,31.63,893300.0,30.986203394572,893300.0
7461,2012-11-02,31.67,31.84,31.22,31.28,469600.0,30.643327289984,469600.0
7462,2012-11-05,31.0,31.53,30.9,31.48,767800.0,30.839256492606,767800.0
7463,2012-11-06,31.42,31.8,31.29,31.42,612400.0,30.780477731819,612400.0
7464,2012-11-07,31.33,31.55,30.84,31.18,782800.0,30.545362688674,782800.0
7465,2012-11-08,31.23,31.33,30.67,30.67,637300.0,30.045743221989003,637300.0
7466,2012-11-09,30.55,30.9,30.36,30.71,575500.0,30.084929062512998,575500.0
7467,2012-11-12,30.84,30.84,30.26,30.46,1104200.0,29.840017559236998,1104200.0
7468,2012-11-13,30.34,30.86,30.1,30.52,718400.0,29.898796320023,718400.0
7469,2012-11-14,30.56,30.66,30.02,30.14,876600.0,29.526530835042,876600.0
7470,2012-11-15,30.1,30.26,29.76,30.06,760600.0,29.448159153994002,760600.0
7471,2012-11-16,30.1,30.32,29.79,30.19,641500.0,29.575513135698,641500.0
7472,2012-11-19,30.53,30.68,30.31,30.58,529300.0,29.957575080809,529300.0
7473,2012-11-20,30.51,31.04,30.39,30.9,670800.0,30.271061805004,670800.0
7474,2012-11-21,30.89,31.03,30.68,30.9,440500.0,30.271061805004,440500.0
7475,2012-11-23,31.0,31.5,30.8,31.48,186200.0,30.839256492606,186200.0
7476,2012-11-26,31.36,31.59,30.88,31.19,584300.0,30.555159148805,584300.0
7477,2012-11-27,31.31,31.6,30.86,30.96,642100.0,30.329840565790004,642100.0
7478,2012-11-28,30.95,31.3,30.63,31.18,793700.0,30.545362688674,793700.0
7479,2012-11-29,31.34,31.59,31.1,31.42,760800.0,30.780477731819,760800.0
7480,2012-11-30,31.48,31.72,31.22,31.65,655700.0,31.005796314833997,655700.0
7481,2012-12-03,31.8,31.92,31.15,31.41,606400.0,30.770681271687998,606400.0
7482,2012-12-04,31.37,31.5,31.04,31.26,646400.0,30.623734369721998,646400.0
7483,2012-12-05,31.28,31.47,31.02,31.1,552900.0,30.466991007624998,552900.0
7484,2012-12-06,31.03,31.15,30.61,30.89,1260600.0,30.261265344873,1260600.0
7485,2012-12-07,31.02,31.04,30.38,30.78,1065100.0,30.153504283431,1065100.0
7486,2012-12-10,30.84,31.32,30.7,31.18,1147600.0,30.545362688674,1147600.0
7487,2012-12-11,31.39,31.72,31.24,31.64,802900.0,30.995999854703,802900.0
7488,2012-12-12,31.56,31.85,31.36,31.42,417700.0,30.780477731819,417700.0
7489,2012-12-13,31.35,31.45,31.05,31.39,788100.0,30.751088351426002,788100.0
7490,2012-12-14,31.37,31.6,31.28,31.43,794200.0,30.79027419195,794200.0
7491,2012-12-17,31.5,31.95,31.35,31.91,702900.0,31.260504278242003,702900.0
7492,2012-12-18,31.89,32.41,31.82,32.29,908500.0,31.632769763221997,908500.0
7493,2012-12-19,32.32,32.36,31.79,31.79,602600.0,31.142946756669,602600.0
7494,2012-12-20,31.83,32.05,31.75,32.05,471600.0,31.397654720077,471600.0
7495,2012-12-21,31.65,31.78,31.36,31.52,927600.0,30.878442333130003,927600.0
7496,2012-12-24,31.5,31.69,31.43,31.63,135200.0,30.986203394572,135200.0
7497,2012-12-26,31.64,31.84,31.14,31.35,341800.0,30.711902510902,341800.0
7498,2012-12-27,31.31,31.56,30.96,31.4,607700.0,30.760884811557002,607700.0
7499,2012-12-28,31.12,31.29,30.98,31.03,389100.0,30.398415786708004,389100.0
7500,2012-12-31,31.03,31.81,30.87,31.74,495000.0,31.093964456012998,495000.0
7501,2013-01-02,32.41,32.55,31.84,32.09,1176900.0,31.436840560601002,1176900.0
7502,2013-01-03,32.01,32.18,31.87,32.0,560200.0,31.348672419421,560200.0
7503,2013-01-04,32.2,33.54,32.2,33.17,2316100.0,32.494858254756,2316100.0
7504,2013-01-07,33.08,33.42,32.98,33.07,776900.0,32.396893653446,776900.0
7505,2013-01-08,32.96,33.31,32.82,33.02,828700.0,32.34791135279,828700.0
7506,2013-01-09,33.16,34.56,33.15,34.36,1624800.0,33.660637010354,1624800.0
7507,2013-01-10,34.57,34.92,34.38,34.7,1353900.0,33.99371665481,1353900.0
7508,2013-01-11,34.82,34.82,34.39,34.45,1471400.0,33.748805151533,1471400.0
7509,2013-01-14,34.33,34.64,34.15,34.21,1105700.0,33.513690108388,1105700.0
7510,2013-01-15,34.0,34.23,33.84,34.16,1608800.0,33.464707807732,1608800.0
7511,2013-01-16,34.01,34.1,33.81,34.0,840700.0,33.376539666553,840700.0
7512,2013-01-17,34.45,34.8,34.29,34.5,2056600.0,33.867371132237004,2056600.0
7513,2013-01-18,34.81,35.18,34.44,35.15,1183400.0,34.505452037627,1183400.0
7514,2013-01-22,35.0,35.48,34.82,35.45,826100.0,34.799950917038004,826100.0
7515,2013-01-23,35.39,35.59,35.28,35.29,622800.0,34.642884848019,622800.0
7516,2013-01-24,35.3,35.64,35.03,35.26,652000.0,34.613434960078,652000.0
7517,2013-01-25,35.31,35.67,35.2,35.66,469200.0,35.006100132625,469200.0
7518,2013-01-28,35.76,35.84,35.27,35.38,434900.0,34.731234511842,434900.0
7519,2013-01-29,35.33,35.52,35.01,35.27,934600.0,34.623251589390996,934600.0
7520,2013-01-30,35.32,35.5,34.77,34.97,955100.0,34.328752709980996,955100.0
7521,2013-01-31,34.98,35.4,34.74,35.24,1246100.0,34.59380170145,1246100.0
7522,2013-02-01,35.24,35.24,33.37,33.74,3192000.0,33.121307304397,3192000.0
7523,2013-02-04,33.54,33.69,33.21,33.51,1277500.0,32.895524830182,1277500.0
7524,2013-02-05,33.63,34.17,33.57,34.06,1235900.0,33.435439442435005,1235900.0
7525,2013-02-06,33.92,34.52,33.92,34.48,1792100.0,33.847737873609994,1792100.0
7526,2013-02-07,34.41,34.59,34.19,34.49,1238400.0,33.857554502923,1238400.0
7527,2013-02-08,34.49,34.9,34.49,34.75,1101700.0,34.112786865079,1101700.0
7528,2013-02-11,34.6,34.81,34.44,34.62,706000.0,33.985170684001005,706000.0
7529,2013-02-12,34.63,34.94,34.34,34.52,922100.0,33.887004390865,922100.0
7530,2013-02-13,34.58,35.01,34.47,34.57,823100.0,33.936087537432996,823100.0
7531,2013-02-14,34.47,34.69,34.4,34.53,1004800.0,33.896821020177995,1004800.0
7532,2013-02-15,34.63,34.72,34.02,34.13,1434100.0,33.504155847631004,1434100.0
7533,2013-02-19,34.23,34.43,33.93,34.23,1890200.0,33.602322140767,1890200.0
7534,2013-02-20,34.06,34.13,33.32,33.35,1431300.0,32.738458761163,1431300.0
7535,2013-02-21,33.27,33.5,32.88,32.99,835000.0,32.38506010587,835000.0
7536,2013-02-22,33.09,33.26,32.97,33.24,723500.0,32.630475838712,723500.0
7537,2013-02-25,33.41,33.7,32.79,32.79,1044000.0,32.188727519596,1044000.0
7538,2013-02-26,33.25,33.97,32.9,33.83,1887500.0,33.20965696822,1887500.0
7539,2013-02-27,33.72,34.47,33.6,34.33,1611400.0,33.700488433904,1611400.0
7540,2013-02-28,34.4,34.75,34.17,34.17,1092200.0,33.543422364885004,1092200.0
7541,2013-03-01,34.03,34.66,33.85,34.66,1231500.0,34.024437201256,1231500.0
7542,2013-03-04,34.5,34.67,34.24,34.38,910400.0,33.749571580472995,910400.0
7543,2013-03-05,34.6,34.89,34.5,34.82,956400.0,34.181503270275,956400.0
7544,2013-03-06,34.85,34.96,34.75,34.88,634800.0,34.240403046157,634800.0
7545,2013-03-07,34.97,35.32,34.68,35.3,1194300.0,34.652701477333004,1194300.0
7546,2013-03-08,35.43,35.56,35.12,35.56,721200.0,34.907933839489004,721200.0
7547,2013-03-11,35.55,35.86,35.43,35.86,647900.0,35.202432718899004,647900.0
7548,2013-03-12,35.78,35.86,35.37,35.46,881300.0,34.809767546352,881300.0
7549,2013-03-13,35.47,35.49,35.22,35.39,516900.0,34.741051141156,516900.0
7550,2013-03-14,35.44,35.54,35.19,35.26,1042100.0,34.613434960078,1042100.0
7551,2013-03-15,35.23,35.29,35.16,35.25,1054000.0,34.603618330764,1054000.0
7552,2013-03-18,34.87,35.09,34.82,34.91,658400.0,34.269852934099,658400.0
7553,2013-03-19,35.0,35.08,34.71,35.0,1269500.0,34.358202597922,1269500.0
7554,2013-03-20,35.2,35.26,34.88,35.02,647100.0,34.377835856549,647100.0
7555,2013-03-21,34.84,34.95,34.23,34.32,878000.0,33.690671804591,878000.0
7556,2013-03-22,34.33,34.46,33.85,34.02,845700.0,33.39617292518,845700.0
7557,2013-03-25,34.22,34.22,32.76,33.37,1780100.0,32.75809201979,1780100.0
7558,2013-03-26,33.55,33.74,33.44,33.61,963300.0,32.993691123319,963300.0
7559,2013-03-27,33.39,33.41,33.13,33.2,640700.0,32.591209321457,640700.0
7560,2013-03-28,33.14,33.67,33.05,33.64,658000.0,33.02314101126,658000.0
7561,2013-04-01,33.59,33.74,33.04,33.44,768200.0,32.826808424986,768200.0
7562,2013-04-02,33.6,33.85,33.42,33.85,1234700.0,33.229290226847,1234700.0
7563,2013-04-03,33.8,33.9,33.45,33.61,801100.0,32.993691123319,801100.0
7564,2013-04-04,33.58,33.92,33.55,33.7,617000.0,33.082040787142,617000.0
7565,2013-04-05,33.3,33.45,33.09,33.36,695600.0,32.748275390475996,695600.0
7566,2013-04-08,33.34,33.61,33.21,33.6,454200.0,32.983874494005,454200.0
7567,2013-04-09,34.4,34.78,34.12,34.22,805800.0,33.592505511454,805800.0
7568,2013-04-10,34.27,34.8,34.16,34.71,679200.0,34.073520347824996,679200.0
7569,2013-04-11,34.72,35.08,34.65,34.95,821700.0,34.309119451353,821700.0
7570,2013-04-12,34.8,34.92,34.63,34.91,472600.0,34.269852934099,472600.0
7571,2013-04-15,35.0,35.29,33.93,33.93,1455600.0,33.307823261357,1455600.0
7572,2013-04-16,34.17,34.64,34.17,34.62,960300.0,33.985170684001005,960300.0
7573,2013-04-17,34.28,34.28,33.92,34.09,1689700.0,33.533605735572,1689700.0
7574,2013-04-18,34.02,34.02,33.29,33.54,846600.0,32.992582469084,846600.0
7575,2013-04-19,33.64,33.75,33.06,33.09,1262700.0,32.54992706923,1262700.0
7576,2013-04-22,33.21,33.4,32.99,33.26,608100.0,32.717152442508,608100.0
7577,2013-04-23,33.5,34.14,33.5,33.86,1010600.0,33.307359642312996,1010600.0
7578,2013-04-24,33.96,34.38,33.73,33.93,999800.0,33.376217148957,999800.0
7579,2013-04-25,34.14,34.75,33.97,34.47,1011400.0,33.907403628781,1011400.0
7580,2013-04-26,29.62,31.11,29.5,30.35,9190400.0,29.854647523456002,9190400.0
7581,2013-04-29,30.36,30.62,30.09,30.6,2862100.0,30.100567190040998,2862100.0
7582,2013-04-30,30.31,30.71,30.31,30.65,1926900.0,30.149751123358,1926900.0
7583,2013-05-01,30.99,31.38,30.8,30.82,2592100.0,30.316976496636,2592100.0
7584,2013-05-02,31.08,31.12,30.54,30.55,1432800.0,30.051383256724,1432800.0
7585,2013-05-03,30.79,31.25,30.68,30.92,995900.0,30.415344363270002,995900.0
7586,2013-05-06,30.8,31.28,30.79,31.0,1475800.0,30.494038656577,1475800.0
7587,2013-05-07,30.97,31.71,30.88,31.71,1439200.0,31.19245050968,1439200.0
7588,2013-05-08,31.72,32.36,31.7,32.21,2312100.0,31.68428984285,2312100.0
7589,2013-05-09,32.18,32.51,32.13,32.28,968100.0,31.753147349494,968100.0
7590,2013-05-10,32.3,32.74,32.27,32.69,705900.0,32.156455602694,705900.0
7591,2013-05-13,32.57,32.69,32.2,32.42,647800.0,31.890862362782002,647800.0
7592,2013-05-14,32.37,32.54,32.31,32.4,895700.0,31.871188789454997,895700.0
7593,2013-05-15,32.48,32.72,32.4,32.68,948200.0,32.146618816031,948200.0
7594,2013-05-16,32.57,32.74,31.82,31.98,1861500.0,31.458043749591997,1861500.0
7595,2013-05-17,32.15,32.29,31.95,32.19,1227300.0,31.664616269523002,1227300.0
7596,2013-05-20,32.17,32.67,32.14,32.23,918400.0,31.703963416177,918400.0
7597,2013-05-21,32.25,32.62,32.21,32.54,1041100.0,32.008903802743,1041100.0
7598,2013-05-22,32.51,32.89,31.68,31.82,1310100.0,31.300655162976998,1310100.0
7599,2013-05-23,31.44,31.86,31.34,31.76,1125800.0,31.241634442996997,1125800.0
7600,2013-05-24,31.58,31.81,31.47,31.73,968800.0,31.212124083006,968800.0
7601,2013-05-28,32.07,32.56,31.92,32.03,1471500.0,31.507227682909,1471500.0
7602,2013-05-29,31.88,31.94,31.48,31.75,1277700.0,31.231797656332997,1277700.0
7603,2013-05-30,31.76,32.06,31.72,31.76,979800.0,31.241634442996997,979800.0
7604,2013-05-31,31.67,32.0,31.32,31.32,630500.0,30.808815829807,630500.0
7605,2013-06-03,31.46,31.91,31.34,31.86,1504000.0,31.340002309631,1504000.0
7606,2013-06-04,31.78,32.28,31.73,32.03,2225500.0,31.507227682909,2225500.0
7607,2013-06-05,32.04,32.19,31.76,31.95,1826800.0,31.428533389601,1826800.0
7608,2013-06-06,31.85,32.31,31.74,32.31,1231400.0,31.782657709484,1231400.0
7609,2013-06-07,32.5,32.79,32.44,32.68,808800.0,32.146618816031,808800.0
7610,2013-06-10,32.71,32.96,32.53,32.82,693400.0,32.284333829318,693400.0
7611,2013-06-11,32.48,32.58,32.08,32.28,962800.0,31.753147349494,962800.0
7612,2013-06-12,32.48,32.91,32.26,32.59,1758900.0,32.05808773606,1758900.0
7613,2013-06-13,32.6,33.52,32.2,33.42,1435100.0,32.874541029123,1435100.0
7614,2013-06-14,33.29,33.68,32.9,33.04,852300.0,32.500743135913,852300.0
7615,2013-06-17,33.25,33.98,33.13,33.85,1056200.0,33.29752285565,1056200.0
7616,2013-06-18,33.86,34.5,33.85,34.41,1135700.0,33.848382908801,1135700.0
7617,2013-06-19,34.36,34.39,33.62,33.66,783700.0,33.110623909045,783700.0
7618,2013-06-20,33.3,33.31,32.64,32.76,1313100.0,32.225313109338,1313100.0
7619,2013-06-21,32.91,33.53,32.86,33.49,1703800.0,32.943398535767,1703800.0
7620,2013-06-24,33.23,33.23,32.6,32.74,878600.0,32.205639536011,878600.0
7621,2013-06-25,33.08,33.28,32.47,32.74,1154600.0,32.205639536011,1154600.0
7622,2013-06-26,33.06,33.23,32.68,32.76,1047700.0,32.225313109338,1047700.0
7623,2013-06-27,33.01,33.12,32.74,32.87,1880700.0,32.333517762635005,1880700.0
7624,2013-06-28,32.8,32.89,32.47,32.5,3402400.0,31.969556656089,3402400.0
7625,2013-07-01,32.7,33.06,32.55,32.74,745100.0,32.205639536011,745100.0
7626,2013-07-02,32.63,33.15,32.35,32.53,830900.0,31.999067016079007,830900.0
7627,2013-07-03,32.35,32.6,32.22,32.39,290200.0,31.861352002792,290200.0
7628,2013-07-05,32.69,33.01,32.6,32.82,537700.0,32.284333829318,537700.0
7629,2013-07-08,33.04,33.47,32.97,33.14,1055200.0,32.599111002548,1055200.0
7630,2013-07-09,33.31,33.71,33.29,33.67,498700.0,33.120460695708,498700.0
7631,2013-07-10,33.57,33.87,33.57,33.83,378100.0,33.277849282323,378100.0
7632,2013-07-11,34.2,34.24,33.78,33.99,526200.0,33.435237868937996,526200.0
7633,2013-07-12,33.98,34.07,33.72,33.81,691100.0,33.258175708996,691100.0
7634,2013-07-15,33.75,34.05,33.62,33.96,938000.0,33.405727508947,938000.0
7635,2013-07-16,34.0,34.09,33.26,33.38,1165400.0,32.835193882469,1165400.0
7636,2013-07-17,33.44,33.63,33.26,33.29,798700.0,32.815520309143,798700.0
7637,2013-07-18,33.39,33.8,33.32,33.71,827100.0,33.229534082944,827100.0
7638,2013-07-19,33.66,34.14,33.65,34.08,585600.0,33.594260502721,585600.0
7639,2013-07-22,34.1,34.26,33.99,34.16,493300.0,33.673120269159,493300.0
7640,2013-07-23,33.99,34.12,33.6,33.72,534100.0,33.239391553749,534100.0
7641,2013-07-24,33.91,34.05,33.68,33.8,676700.0,33.318251320187,676700.0
7642,2013-07-25,33.74,33.97,33.68,33.96,489600.0,33.475970853063004,489600.0
7643,2013-07-26,33.79,34.12,33.61,34.12,668500.0,33.633690385940014,668500.0
7644,2013-07-29,33.93,34.36,33.93,34.26,838600.0,33.771694977207,838600.0
7645,2013-07-30,34.45,34.57,34.24,34.38,661600.0,33.889984626865,661600.0
7646,2013-07-31,34.43,34.58,34.09,34.09,1093300.0,33.604117973526,1093300.0
7647,2013-08-01,34.34,35.1,34.05,35.07,1449700.0,34.570150112395,1449700.0
7648,2013-08-02,35.9,37.67,35.59,36.41,2789800.0,35.891051200237,2789800.0
7649,2013-08-05,36.26,36.49,35.92,36.36,1020300.0,35.841763846213006,1020300.0
7650,2013-08-06,36.36,36.5,36.05,36.3,769400.0,35.782619021384,769400.0
7651,2013-08-07,36.21,36.67,36.0,36.56,1061600.0,36.038913262308995,1061600.0
7652,2013-08-08,36.65,37.0,36.43,36.59,1027100.0,36.068485674723,1027100.0
7653,2013-08-09,36.56,36.92,36.45,36.92,1133300.0,36.393782211281,1133300.0
7654,2013-08-12,36.84,37.69,36.59,37.5,1588400.0,36.965515517959,1588400.0
7655,2013-08-13,37.41,37.7,37.0,37.63,1305900.0,37.093662638421,1305900.0
7656,2013-08-14,37.52,37.66,37.36,37.4,970400.0,36.866940809911,970400.0
7657,2013-08-15,37.08,37.28,36.72,36.76,1816500.0,36.236062678404004,1816500.0
7658,2013-08-16,36.64,36.82,36.38,36.47,1366200.0,35.950196025065,1366200.0
7659,2013-08-19,36.47,36.75,36.43,36.5,806400.0,35.97976843748,806400.0
7660,2013-08-20,36.59,36.59,36.16,36.25,1085100.0,35.73333166736,1085100.0
7661,2013-08-21,36.25,36.61,36.04,36.38,806300.0,35.861478787822,806300.0
7662,2013-08-22,36.42,36.6,36.36,36.39,537000.0,35.871336258627,537000.0
7663,2013-08-23,36.55,36.79,36.4,36.77,495600.0,36.245920149209,495600.0
7664,2013-08-26,36.76,36.94,36.65,36.77,563700.0,36.245920149209,563700.0
7665,2013-08-27,36.32,36.49,35.83,36.02,1022800.0,35.506609838850004,1022800.0
7666,2013-08-28,36.06,36.06,35.8,36.0,641300.0,35.486894897240006,641300.0
7667,2013-08-29,35.87,36.12,35.71,36.04,680800.0,35.52632478045999,680800.0
7668,2013-08-30,36.06,36.07,35.85,35.97,687500.0,35.457322484826,687500.0
7669,2013-09-03,36.42,36.69,35.97,36.35,575700.0,35.831906375408,575700.0
7670,2013-09-04,36.3,36.7,36.2,36.64,663500.0,36.117773028747,663500.0
7671,2013-09-05,36.69,37.15,36.64,36.9,513700.0,36.374067269671,513700.0
7672,2013-09-06,36.95,37.1,36.48,36.98,500900.0,36.45292703611,500900.0
7673,2013-09-09,37.04,37.47,37.0,37.42,562800.0,36.88665575152,562800.0
7674,2013-09-10,37.61,37.92,37.54,37.7,716800.0,37.162664934055,716800.0
7675,2013-09-11,37.75,37.98,37.73,37.95,850700.0,37.409101704174,850700.0
7676,2013-09-12,37.85,37.94,37.47,37.51,995700.0,36.975372988764,995700.0
7677,2013-09-13,37.46,37.75,37.41,37.69,990400.0,37.15280746325,990400.0
7678,2013-09-16,38.06,38.27,37.87,37.94,457500.0,37.399244233369004,457500.0
7679,2013-09-17,38.62,38.67,38.32,38.54,888500.0,37.990692481657,888500.0
7680,2013-09-18,38.61,38.78,38.14,38.63,831300.0,38.079409718899996,831300.0
7681,2013-09-19,38.85,39.05,38.49,38.58,797600.0,38.030122364876,797600.0
7682,2013-09-20,38.64,38.99,38.24,38.24,1228700.0,37.694968357513,1228700.0
7683,2013-09-23,38.13,38.25,37.7,37.86,782300.0,37.320384466931,782300.0
7684,2013-09-24,37.82,38.06,37.59,37.82,454200.0,37.280954583712,454200.0
7685,2013-09-25,37.81,37.96,37.48,37.57,466600.0,37.034517813592,466600.0
7686,2013-09-26,37.75,38.12,37.67,38.11,399000.0,37.566821237051,399000.0
7687,2013-09-27,37.76,38.51,37.75,38.11,583600.0,37.566821237051,583600.0
7688,2013-09-30,37.85,38.09,37.56,37.75,544900.0,37.211952288077995,544900.0
7689,2013-10-01,37.78,38.34,37.67,37.95,676700.0,37.409101704174,676700.0
7690,2013-10-02,37.63,37.87,37.24,37.86,648000.0,37.320384466931,648000.0
7691,2013-10-03,37.72,37.84,37.34,37.5,546800.0,36.965515517959,546800.0
7692,2013-10-04,37.43,37.94,37.35,37.78,326400.0,37.241524700493,326400.0
7693,2013-10-07,37.42,37.46,37.15,37.24,558400.0,36.709221277034004,558400.0
7694,2013-10-08,37.2,37.34,36.62,36.69,876800.0,36.167060382771,876800.0
7695,2013-10-09,36.79,36.84,36.26,36.33,568100.0,35.812191433798,568100.0
7696,2013-10-10,36.72,37.03,36.61,37.03,865000.0,36.502214390134,865000.0
7697,2013-10-11,36.98,37.31,36.87,37.26,706200.0,36.728936218644,706200.0
7698,2013-10-14,37.01,37.29,36.81,37.23,445900.0,36.699363806229,445900.0
7699,2013-10-15,37.18,37.49,36.38,36.49,1350000.0,35.969910966675,1350000.0
7700,2013-10-16,36.62,36.99,36.51,36.65,1130900.0,36.196632795184996,1130900.0
7701,2013-10-17,36.61,37.76,36.52,37.7,1039800.0,37.233644103096,1039800.0
7702,2013-10-18,37.94,38.07,37.5,37.77,505800.0,37.302778190290006,505800.0
7703,2013-10-21,37.76,37.89,37.57,37.67,332300.0,37.204015208585,332300.0
7704,2013-10-22,37.93,37.93,37.44,37.71,685400.0,37.243520401267,685400.0
7705,2013-10-23,37.6,37.97,37.42,37.94,429800.0,37.47067525919,429800.0
7706,2013-10-24,38.0,38.24,37.93,38.21,396900.0,37.737335309796,396900.0
7707,2013-10-25,38.21,38.66,38.02,38.59,619400.0,38.112634640278,619400.0
7708,2013-10-28,38.55,38.59,38.14,38.38,522000.0,37.905232378696,522000.0
7709,2013-10-29,38.38,38.71,38.38,38.71,652900.0,38.231150218325,652900.0
7710,2013-10-30,38.61,38.68,37.82,38.26,1047300.0,37.786716800648996,1047300.0
7711,2013-10-31,38.15,39.09,37.55,38.04,1349600.0,37.569438240896,1349600.0
7712,2013-11-01,38.07,38.44,37.75,37.96,578200.0,37.490427855532,578200.0
7713,2013-11-04,38.08,38.12,37.87,37.96,418700.0,37.490427855532,418700.0
7714,2013-11-05,37.76,37.84,37.28,37.29,762300.0,36.828715878102,762300.0
7715,2013-11-06,37.29,37.53,36.8,36.85,754200.0,36.394158758597,754200.0
7716,2013-11-07,37.0,37.0,36.39,36.41,905100.0,35.959601639091,905100.0
7717,2013-11-08,36.35,37.2,36.28,37.1,976100.0,36.641066212861,976100.0
7718,2013-11-11,37.12,37.43,36.94,37.01,773600.0,36.552179529326,773600.0
7719,2013-11-12,36.99,37.17,36.78,37.09,394600.0,36.631189914691,394600.0
7720,2013-11-13,36.94,37.24,36.73,37.16,444000.0,36.700324001885,444000.0
7721,2013-11-14,37.19,37.56,37.0,37.53,467200.0,37.065747034196,467200.0
7722,2013-11-15,37.74,38.33,37.71,38.3,1039800.0,37.826221993330996,1039800.0
7723,2013-11-18,38.44,38.48,37.84,37.89,446300.0,37.421293768337,446300.0
7724,2013-11-19,37.81,38.03,37.6,37.94,368800.0,37.47067525919,368800.0
7725,2013-11-20,37.98,38.29,37.83,37.9,317700.0,37.431170066508,317700.0
7726,2013-11-21,37.91,38.36,37.91,38.25,295400.0,37.776840502477995,295400.0
7727,2013-11-22,38.29,38.29,37.92,38.0,506700.0,37.529933048214005,506700.0
7728,2013-11-25,38.02,38.15,37.73,37.84,327500.0,37.371912277485,327500.0
7729,2013-11-26,37.89,38.13,37.83,38.0,521800.0,37.529933048214005,521800.0
7730,2013-11-27,38.04,38.23,37.83,38.18,444700.0,37.707706415284,444700.0
7731,2013-11-29,38.2,38.2,37.84,38.04,195600.0,37.569438240896,195600.0
7732,2013-12-02,37.99,38.37,37.68,37.77,927800.0,37.302778190290006,927800.0
7733,2013-12-03,37.49,37.64,37.23,37.38,571800.0,36.917602561638,571800.0
7734,2013-12-04,37.29,37.61,37.24,37.48,871100.0,37.016365543344,871100.0
7735,2013-12-05,37.43,37.77,37.41,37.53,549700.0,37.065747034196,549700.0
7736,2013-12-06,37.81,38.17,37.66,38.14,592900.0,37.668201222602,592900.0
7737,2013-12-09,38.14,38.75,38.12,38.69,752400.0,38.211397621984,752400.0
7738,2013-12-10,39.09,40.61,39.06,39.61,2081900.0,39.120017053678005,2081900.0
7739,2013-12-11,39.62,39.8,38.67,38.87,1013800.0,38.389170989054996,1013800.0
7740,2013-12-12,38.85,39.41,38.69,39.06,1001200.0,38.576820654296,1001200.0
7741,2013-12-13,39.08,39.18,38.8,38.97,750500.0,38.48793397076,750500.0
7742,2013-12-16,39.19,39.37,38.97,39.25,509400.0,38.76447031953701,509400.0
7743,2013-12-17,39.23,39.46,39.02,39.07,614900.0,38.586696952466,614900.0
7744,2013-12-18,39.06,40.22,39.04,40.21,748700.0,39.712594943913004,748700.0
7745,2013-12-19,40.13,40.55,39.89,40.45,707900.0,39.949626100007,707900.0
7746,2013-12-20,40.64,40.9,40.43,40.64,972300.0,40.137275765248,972300.0
7747,2013-12-23,40.92,41.14,40.43,41.05,1258400.0,40.542203990242,1258400.0
7748,2013-12-24,41.03,41.28,40.94,41.12,216100.0,40.611338077436,216100.0
7749,2013-12-26,41.11,41.35,40.7,41.08,254000.0,40.571832884753,254000.0
7750,2013-12-27,41.22,41.41,41.08,41.18,226300.0,40.670595866458996,226300.0
7751,2013-12-30,41.14,41.36,40.94,41.35,290000.0,40.838492935359,290000.0
7752,2013-12-31,41.39,41.41,40.95,41.23,411000.0,40.719977357312004,411000.0
7753,2014-01-02,40.99,41.39,40.86,40.94,832600.0,40.433564710365,832600.0
7754,2014-01-03,41.14,41.6,41.0,41.21,802300.0,40.700224760971,802300.0
7755,2014-01-06,41.8,42.27,41.63,41.69,1242200.0,41.174287073159,1242200.0
7756,2014-01-07,41.73,42.25,41.58,42.11,702900.0,41.589091596323,702900.0
7757,2014-01-08,42.18,42.83,42.01,42.7,1062100.0,42.171793188388,1062100.0
7758,2014-01-09,42.95,43.48,42.84,43.43,957600.0,42.89276295484,957600.0
7759,2014-01-10,43.37,43.43,42.98,43.18,892200.0,42.645855500576,892200.0
7760,2014-01-13,43.21,43.21,42.2,42.35,589200.0,41.826122752417,589200.0
7761,2014-01-14,42.54,42.89,42.25,42.75,787300.0,42.221174679241,787300.0
7762,2014-01-15,42.91,43.21,42.67,42.98,554700.0,42.517463624358,554700.0
7763,2014-01-16,42.94,43.52,42.78,43.23,696600.0,42.764773208027,696600.0
7764,2014-01-17,43.33,43.54,42.98,43.01,516900.0,42.547140774397995,516900.0
7765,2014-01-21,43.36,43.4,42.64,43.12,551900.0,42.655956991213,551900.0
7766,2014-01-22,43.15,43.39,42.76,43.04,387900.0,42.576817924439,387900.0
7767,2014-01-23,42.91,42.91,42.14,42.49,648100.0,42.032736840367,648100.0
7768,2014-01-24,42.25,42.32,41.15,41.18,739100.0,40.736834621942,739100.0
7769,2014-01-27,41.53,41.63,40.63,41.06,1363000.0,40.618126021781,1363000.0
7770,2014-01-28,41.48,42.76,41.35,42.71,1298800.0,42.250369273996,1298800.0
7771,2014-01-29,42.3,42.7,42.18,42.6,1348900.0,42.141553057181,1348900.0
7772,2014-01-30,43.09,44.23,42.94,44.04,2500500.0,43.566056259114,2500500.0
7773,2014-01-31,45.84,45.86,43.14,43.6,2378200.0,43.130791391857,2378200.0
7774,2014-02-03,43.85,44.03,42.73,43.03,2238500.0,42.566925541092,2238500.0
7775,2014-02-04,43.15,43.35,42.67,42.84,1226800.0,42.378970257503,1226800.0
7776,2014-02-05,42.78,42.85,41.89,42.67,1541600.0,42.210799740609005,1541600.0
7777,2014-02-06,42.73,43.05,42.67,42.86,923500.0,42.398755024197,923500.0
7778,2014-02-07,43.0,43.92,42.85,43.78,1694200.0,43.308854292099,1694200.0
7779,2014-02-10,43.8,43.95,43.36,43.54,704000.0,43.071437091776,704000.0
7780,2014-02-11,43.6,44.04,43.55,43.99,882000.0,43.516594342379996,882000.0
7781,2014-02-12,44.19,44.42,43.95,44.17,1021300.0,43.694657242622,1021300.0
7782,2014-02-13,43.9,44.38,43.83,44.27,652000.0,43.79358107609,652000.0
7783,2014-02-14,44.14,44.2,43.78,43.98,829400.0,43.506701959034004,829400.0
7784,2014-02-18,44.07,44.15,43.58,43.67,734100.0,43.200038075284006,734100.0
7785,2014-02-19,43.57,43.57,42.68,42.99,1443100.0,42.527356007705,1443100.0
7786,2014-02-20,43.17,44.06,42.99,44.05,1831000.0,43.57594864246101,1831000.0
7787,2014-02-21,44.13,44.16,43.67,43.72,1917600.0,43.249499992018,1917600.0
7788,2014-02-24,43.86,44.32,43.81,44.15,1624800.0,43.674872475929,1624800.0
7789,2014-02-25,44.2,44.28,43.89,44.27,1309600.0,43.79358107609,1309600.0
7790,2014-02-26,44.3,44.88,44.2,44.63,1005200.0,44.149706876573,1005200.0
7791,2014-02-27,44.61,45.44,44.48,45.3,1296100.0,44.812496560804995,1296100.0
7792,2014-02-28,45.46,45.51,45.07,45.32,851900.0,44.832281327499,851900.0
7793,2014-03-03,44.83,45.16,44.45,44.78,774100.0,44.29809262677399,774100.0
7794,2014-03-04,45.25,45.48,45.15,45.4,1086700.0,44.911420394273,1086700.0
7795,2014-03-05,45.42,46.72,45.15,45.82,1925100.0,45.326900494837,1925100.0
7796,2014-03-06,45.99,46.23,45.7,46.09,1166800.0,45.593994845199006,1166800.0
7797,2014-03-07,46.37,46.37,45.55,45.84,716600.0,45.34668526153,716600.0
7798,2014-03-10,45.85,45.88,45.2,45.5,447500.0,45.010344227741,447500.0
7799,2014-03-11,45.51,45.66,44.81,44.99,667500.0,44.505832677056,667500.0
7800,2014-03-12,44.81,45.45,44.63,45.37,555200.0,44.881743244233,555200.0
7801,2014-03-13,45.47,45.68,44.42,44.61,441100.0,44.129922109879,441100.0
7802,2014-03-14,44.53,44.89,44.38,44.75,681000.0,44.268415476734,681000.0
7803,2014-03-17,44.96,45.45,44.86,45.4,592200.0,44.911420394273,592200.0
7804,2014-03-18,45.5,45.96,45.42,45.91,743100.0,45.415931944958,743100.0
7805,2014-03-19,45.92,46.06,45.55,45.9,605800.0,45.406039561611,605800.0
7806,2014-03-20,45.75,46.4,45.29,46.21,779200.0,45.71270344535999,779200.0
7807,2014-03-21,46.43,46.54,45.56,45.67,1156400.0,45.178514744635,1156400.0
7808,2014-03-24,45.73,45.85,44.5,45.07,1127700.0,44.58497174383,1127700.0
7809,2014-03-25,45.07,45.28,44.38,44.75,1252700.0,44.268415476734,1252700.0
7810,2014-03-26,44.92,45.32,44.65,44.65,830800.0,44.169491643266,830800.0
7811,2014-03-27,44.63,44.87,44.11,44.33,698600.0,43.85293537617,698600.0
7812,2014-03-28,44.41,44.91,44.4,44.53,572400.0,44.050783043105,572400.0
7813,2014-03-31,44.7,45.38,44.59,45.06,877800.0,44.575079360482995,877800.0
7814,2014-04-01,45.16,45.48,44.99,45.45,800000.0,44.960882311007005,800000.0
7815,2014-04-02,45.62,46.16,45.52,46.15,632400.0,45.653349145279996,632400.0
7816,2014-04-03,46.29,46.33,45.69,46.2,1001000.0,45.702811062014,1001000.0
7817,2014-04-04,46.43,46.5,45.5,45.66,688500.0,45.168622361288996,688500.0
7818,2014-04-07,45.57,45.61,44.54,44.97,836000.0,44.486047910363,836000.0
7819,2014-04-08,44.9,45.2,44.43,45.04,730300.0,44.55529459379001,730300.0
7820,2014-04-09,44.57,45.74,44.3,45.68,1112200.0,45.188407127981996,1112200.0
7821,2014-04-10,45.74,45.76,44.26,44.41,922550.0,43.932074442944,922550.0
7822,2014-04-11,44.15,44.58,43.8,43.8,715092.0,43.328639058792,715092.0
7823,2014-04-14,44.065,44.2,43.52,44.12,1114915.0,43.645195325888004,1114915.0
7824,2014-04-15,44.05,44.44,43.03,44.03,632358.0,43.625410559195004,632358.0
7825,2014-04-16,44.34,44.445,43.825,44.19,573003.0,43.783940327295,573003.0
7826,2014-04-17,44.06,44.61,44.0,44.27,642065.0,43.863205211346,642065.0
7827,2014-04-21,44.3,44.845,44.19,44.76,394864.0,44.348702626154,394864.0
7828,2014-04-22,43.12,44.59,43.1,44.34,1758126.0,43.93256198489,1758126.0
7829,2014-04-23,44.65,45.16,43.89,44.54,1259974.0,44.130724195016,1259974.0
7830,2014-04-24,44.82,44.93,44.0401,44.31,991092.0,43.902837653371,991092.0
7831,2014-04-25,44.47,44.726000000000006,42.61,43.01,1646897.0,42.614783287553,1646897.0
7832,2014-04-28,42.94,43.23,41.83,42.14,1770626.0,41.752777673505996,1770626.0
7833,2014-04-29,42.18,42.27,41.9,42.14,1554842.0,41.752777673505996,1554842.0
7834,2014-04-30,42.13,42.205,41.48,41.97,1094745.0,41.584339794899,1094745.0
7835,2014-05-02,42.38,42.98,42.27,42.44,588653.0,42.050020988695,588653.0
7836,2014-05-05,43.26,44.0,42.83,43.95,1263777.0,43.546145675144,1263777.0
7837,2014-05-06,43.76,43.81,43.17,43.21,840785.0,42.812945497679,840785.0
7838,2014-05-07,43.36,43.48,42.58,43.3,714691.0,42.902118492236,714691.0
7839,2014-05-08,43.32,43.89,43.06,43.22,477569.0,42.822853608185,477569.0
7840,2014-05-09,43.17,43.7,42.84,43.62,500662.0,43.21917802843701,500662.0
7841,2014-05-12,43.86,44.55,43.76,44.34,506637.0,43.93256198489,506637.0
7842,2014-05-13,44.3,44.6,44.07,44.47,843669.0,44.061367421472,843669.0
7843,2014-05-14,44.5,44.61,43.63,43.78,1130846.0,43.377707796538,1130846.0
7844,2014-05-15,43.46,43.71,42.48,42.91,843015.0,42.51570218249,843015.0
7845,2014-05-16,42.84,43.38,42.44,43.38,855302.0,42.981383376286004,855302.0
7846,2014-05-19,43.15,43.67,43.09,43.61,1167053.0,43.209269917931,1167053.0
7847,2014-05-20,43.32,43.66,43.23,43.4,942162.0,43.00119959729801,942162.0
7848,2014-05-21,43.52,43.92,43.49,43.57,1111413.0,43.169637475905,1111413.0
7849,2014-05-22,43.52,44.12,43.47,44.07,579883.0,43.66504300122,579883.0
7850,2014-05-23,44.04,44.275,43.64,44.14,442384.0,43.734399774764,442384.0
7851,2014-05-27,44.33,44.46,44.07,44.25,316807.0,43.843388990333004,316807.0
7852,2014-05-28,44.25,44.73,44.08,44.44,589584.0,44.031643089953,589584.0
7853,2014-05-29,44.68,45.03,44.53,44.82,558566.0,44.408151289192,558566.0
7854,2014-05-30,44.83,45.0,44.6,44.97,444038.0,44.556772946786005,444038.0
7855,2014-06-02,44.89,45.54,44.87,45.53,938434.0,45.111627135137994,938434.0
7856,2014-06-03,45.45,46.26,45.4,46.17,1007355.0,45.745746207540996,1007355.0
7857,2014-06-04,46.41,46.57,46.12,46.25,709264.0,45.825011091590994,709264.0
7858,2014-06-05,46.2,46.81,46.02,46.75,734526.0,46.320416616906,734526.0
7859,2014-06-06,46.92,47.53,46.88,47.52,823064.0,47.08334112589001,823064.0
7860,2014-06-09,47.23,47.64,46.96,47.01,939271.0,46.578027490069,939271.0
7861,2014-06-10,46.88,47.04,46.74,46.88,801957.0,46.449222053487,801957.0
7862,2014-06-11,46.62,46.75,46.055,46.66,1331389.0,46.231243622349005,1331389.0
7863,2014-06-12,46.38,46.8,46.25,46.39,593249.0,45.963724638679,593249.0
7864,2014-06-13,46.36,46.6,46.21,46.41,405460.0,45.983540859692,405460.0
7865,2014-06-16,46.4,46.73,45.71,46.04,1568474.0,45.616940770959,1568474.0
7866,2014-06-17,46.19,46.6,45.75,46.34,1186165.0,45.914184086148005,1186165.0
7867,2014-06-18,46.42,47.03,46.33,47.0,910424.0,46.568119379563,910424.0
7868,2014-06-19,46.99,47.12,46.56,46.82,484303.0,46.38977339045,484303.0
7869,2014-06-20,46.92,47.12,46.67,47.11,902950.0,46.677108595132,902950.0
7870,2014-06-23,47.05,47.16,46.85,46.91,387480.0,46.478946385006,387480.0
7871,2014-06-24,46.71,47.25,46.55,46.58,346304.0,46.151978738299,346304.0
7872,2014-06-25,46.62,46.86,46.41,46.73,461429.0,46.300600395893,461429.0
7873,2014-06-26,46.69,46.89,46.38,46.75,383108.0,46.320416616906,383108.0
7874,2014-06-27,46.7,47.06,46.55,46.79,676177.0,46.360049058931,676177.0
7875,2014-06-30,46.69,46.93,46.59,46.84,359362.0,46.409589611462,359362.0
7876,2014-07-01,47.18,47.72,46.8,47.61,535973.0,47.172514120447,535973.0
7877,2014-07-02,47.77,48.13,47.495,47.68,517425.0,47.24187089399101,517425.0
7878,2014-07-03,47.86,48.26,47.62,48.25,424316.0,47.806633192849,424316.0
7879,2014-07-07,47.92,48.03,47.31,47.46,489145.0,47.023892462852004,489145.0
7880,2014-07-08,47.33,47.26,46.5,46.8,628738.0,46.369957169437,628738.0
7881,2014-07-09,46.88,47.06,46.47,46.86,359185.0,46.429405832475005,359185.0
7882,2014-07-10,46.3,46.79,46.06,46.69,351985.0,46.260967953868,351985.0
7883,2014-07-11,46.57,46.63,46.27,46.6,326621.0,46.171794959311,326621.0
7884,2014-07-14,46.92,47.0,46.6,46.79,332607.0,46.360049058931,332607.0
7885,2014-07-15,46.77,46.83,46.12,46.25,1004831.0,45.825011091590994,1004831.0
7886,2014-07-16,46.34,46.44,45.865,46.1,568649.0,45.745746207540996,568649.0
7887,2014-07-17,46.05,46.68,45.89,46.02,649810.0,45.666360964664,649810.0
7888,2014-07-18,46.27,46.75,46.14,46.69,646718.0,46.331212373754,646718.0
7889,2014-07-21,46.48,47.38,46.29,47.08,736500.0,46.718215432777,736500.0
7890,2014-07-22,47.41,47.85,47.32,47.65,770274.0,47.283835288272,770274.0
7891,2014-07-23,47.96,47.99,47.26,47.65,744358.0,47.283835288272,744358.0
7892,2014-07-24,47.7,47.9,47.54,47.72,356878.0,47.353297375788,356878.0
7893,2014-07-25,47.2,47.91,47.12,47.82,427723.0,47.452528929384,427723.0
7894,2014-07-28,47.79,47.88,47.22,47.38,624030.0,47.015910093563996,624030.0
7895,2014-07-29,47.49,47.52,47.08,47.15,657504.0,46.787677520294,657504.0
7896,2014-07-30,47.41,47.54,46.82,47.14,842424.0,46.777754364934,842424.0
7897,2014-07-31,46.78,47.11,45.83,46.22,1462603.0,45.86482407185501,1462603.0
7898,2014-08-01,44.29,44.84,43.06,44.54,2726209.0,44.197733971450006,2726209.0
7899,2014-08-04,44.53,44.91,44.24,44.81,677131.0,44.465659166158,677131.0
7900,2014-08-05,44.54,45.06,44.42,44.76,761286.0,44.416043389361,761286.0
7901,2014-08-06,44.44,45.08,44.37,44.78,469409.0,44.43588970008,469409.0
7902,2014-08-07,44.88,45.22,44.54,44.66,636678.0,44.316811835765,636678.0
7903,2014-08-08,44.67,45.0,44.44,44.95,333716.0,44.604583341192,333716.0
7904,2014-08-11,45.09,45.19,44.62,44.65,295415.0,44.306888680406,295415.0
7905,2014-08-12,44.62,44.97,44.53,44.87,340886.0,44.525198098316004,340886.0
7906,2014-08-13,45.0,45.32,44.88,45.27,247549.0,44.922124312698,247549.0
7907,2014-08-14,45.29,45.68,45.21,45.61,339135.0,45.259511594923,339135.0
7908,2014-08-15,45.84,45.84,44.92,45.33,361245.0,44.98166324485501,361245.0
7909,2014-08-18,45.55,45.88,45.33,45.86,345598.0,45.507590478912,345598.0
7910,2014-08-19,45.88,46.01,45.46,45.6,495760.0,45.249588439563,495760.0
7911,2014-08-20,45.33,45.51,45.06,45.15,695577.0,44.803046448383,695577.0
7912,2014-08-21,45.21,45.42,44.94,45.12,663857.0,44.773276982305,663857.0
7913,2014-08-22,45.33,45.33,44.88,44.89,523022.0,44.54504440903499,523022.0
7914,2014-08-25,45.07,45.41,45.0165,45.2,395608.0,44.852662225181,395608.0
7915,2014-08-26,45.19,45.405,45.04,45.07,378187.0,44.723661205507,378187.0
7916,2014-08-27,45.09,45.17,44.61,44.69,537978.0,44.346581301844,537978.0
7917,2014-08-28,44.63,44.87,44.475,44.71,596403.0,44.366427612563,596403.0
7918,2014-08-29,44.8,44.937,44.65,44.85,299180.0,44.505351787597,299180.0
7919,2014-09-02,44.86,45.36,44.76,44.89,867691.0,44.54504440903499,867691.0
7920,2014-09-03,45.12,45.29,44.85,44.95,418850.0,44.604583341192,418850.0
7921,2014-09-04,45.06,45.66,44.85,45.04,982170.0,44.693891739428,982170.0
7922,2014-09-05,44.8,45.27,44.78,45.215,284045.0,44.86754695822,284045.0
7923,2014-09-08,45.32,45.5,45.17,45.44,837033.0,45.090817953809996,837033.0
7924,2014-09-09,45.45,45.48,44.93,44.98,584636.0,44.63435280727101,584636.0
7925,2014-09-10,45.14,45.19,44.78,45.08,972007.0,44.733584360866004,972007.0
7926,2014-09-11,44.96,45.22,44.78,44.92,813918.0,44.574813875114,813918.0
7927,2014-09-12,44.84,44.89,44.31,44.67,916135.0,44.326734991125,916135.0
7928,2014-09-15,44.48,44.72,43.99,44.15,736841.0,43.810730912428,736841.0
7929,2014-09-16,44.01,44.17,43.58,43.75,1515223.0,43.413804698046,1515223.0
7930,2014-09-17,44.01,44.45,43.84,44.3,1166666.0,43.959578242820996,1166666.0
7931,2014-09-18,44.4,44.715,44.29,44.35,848382.0,44.009194019618995,848382.0
7932,2014-09-19,44.47,44.7,44.01,44.04,972375.0,43.701576203472996,972375.0
7933,2014-09-22,44.48,44.48,43.88,44.24,1292531.0,43.900039310664,1292531.0
7934,2014-09-23,44.0,44.11,43.75,43.78,1238940.0,43.443574164124,1238940.0
7935,2014-09-24,43.815,44.525,43.69,44.44,1072664.0,44.098502417854995,1072664.0
7936,2014-09-25,44.31,44.38,43.51,43.51,1338509.0,43.175648969415995,1338509.0
7937,2014-09-26,43.62,43.79,43.36,43.75,956377.0,43.413804698046,956377.0
7938,2014-09-29,43.41,44.04,43.38,43.99,703262.0,43.651960426675,703262.0
7939,2014-09-30,43.88,44.06,43.54,43.6,701928.0,43.264957367651995,701928.0
7940,2014-10-01,43.43,43.58,42.74,42.85,1274749.0,42.520720715686004,1274749.0
7941,2014-10-03,42.68,42.96,42.5,42.8,979842.0,42.471104938888004,979842.0
7942,2014-10-06,42.98,43.19,42.61,42.88,447880.0,42.550490181765,447880.0
7943,2014-10-07,42.5,42.68,42.23,42.23,863061.0,41.905485083394,863061.0
7944,2014-10-08,42.26,43.3,42.24100000000001,43.18,1263531.0,42.848184842551,1263531.0
7945,2014-10-09,43.02,43.22,42.43,42.43,2576064.0,42.103948190585,2576064.0
7946,2014-10-10,42.42,42.56,41.16,41.18,1584608.0,40.863553770641,1584608.0
7947,2014-10-13,41.24,41.27,39.79,39.83,1591189.0,39.523927797101,1591189.0
7948,2014-10-14,40.08,40.88,39.85,40.4,1214220.0,40.089547652595,1214220.0
7949,2014-10-15,39.58,40.05,38.96,39.85,1100889.0,39.613236195337,1100889.0
7950,2014-10-16,39.2,40.16,39.02,40.07,1339138.0,39.831929092777,1339138.0
7951,2014-10-17,40.37,40.83,39.93,40.0,1221670.0,39.762344989046,1221670.0
7952,2014-10-20,39.98,40.17,39.82,40.07,1830907.0,39.831929092777,1830907.0
7953,2014-10-21,39.98,41.77,39.87,41.69,2663075.0,41.442304064833,2663075.0
7954,2014-10-22,41.48,41.5,40.21,40.23,1689837.0,39.990978472733005,1689837.0
7955,2014-10-23,40.69,41.3,40.63,41.13,985627.0,40.885631234986,985627.0
7956,2014-10-24,41.12,41.75,41.0845,41.72,815457.0,41.472125823575,815457.0
7957,2014-10-27,41.52,41.81,41.45,41.79,638883.0,41.541709927306,638883.0
7958,2014-10-28,41.97,42.86,41.79,42.84,1145437.0,42.585471483268,1145437.0
7959,2014-10-29,42.58,42.78,41.92,42.62,1403783.0,42.366778585828,1403783.0
7960,2014-10-30,42.33,43.47,40.62,43.39,1850979.0,43.132203726867,1850979.0
7961,2014-10-31,42.61,44.41,42.6,43.42,1832905.0,43.162025485609,1832905.0
7962,2014-11-03,43.41,44.07,43.104,43.81,950026.0,43.54970834925201,950026.0
7963,2014-11-04,43.84,44.22,43.61,44.08,999845.0,43.818104177928,999845.0
7964,2014-11-06,44.12,44.67,44.04,44.66,729559.0,44.39465818027001,729559.0
7965,2014-11-07,44.59,44.61,43.48,43.81,1249420.0,43.54970834925201,1249420.0
7966,2014-11-10,43.96,44.05,43.67,44.02,631052.0,43.758460660445,631052.0
7967,2014-11-11,43.97,44.1,43.73,43.99,672048.0,43.72863890170299,672048.0
7968,2014-11-12,43.83,43.93,43.64,43.78,483630.0,43.519886590511,483630.0
7969,2014-11-13,43.77,43.7925,43.36,43.54,775898.0,43.281312520576,775898.0
7970,2014-11-14,43.48,44.0,43.39,43.65,519090.0,43.390658969296,519090.0
7971,2014-11-17,43.6,43.78,43.16,43.39,516158.0,43.132203726867,516158.0
7972,2014-11-18,43.44,44.03,43.33,43.86,539912.0,43.599411280488994,539912.0
7973,2014-11-19,43.67,43.87,43.42,43.73,435627.0,43.470183659274,435627.0
7974,2014-11-20,43.64,44.25,43.45,44.0,523761.0,43.73857948795,523761.0
7975,2014-11-21,44.5,45.385,44.33,45.33,1272621.0,45.060677458836004,1272621.0
7976,2014-11-24,45.38,45.6,45.08,45.49,757823.0,45.219726838792,757823.0
7977,2014-11-25,45.61,46.22,45.52,45.76,872943.0,45.488122667468005,872943.0
7978,2014-11-26,45.7,45.8,45.3,45.64,356621.0,45.368835632501,356621.0
7979,2014-11-28,45.65,45.72,45.3,45.47,532814.0,45.199845666297996,532814.0
7980,2014-12-01,45.32,45.59,45.21,45.38,748385.0,45.110380390072,748385.0
7981,2014-12-02,44.12,45.08,43.74,44.95,1411994.0,44.68293518144,1411994.0
7982,2014-12-04,44.85,44.99,44.41,44.55,1056549.0,44.285311731549996,1056549.0
7983,2014-12-05,44.5,44.8,43.97,44.07,763208.0,43.808163591681,763208.0
7984,2014-12-09,43.09,43.2,42.73,43.0,1095117.0,42.744520863224004,1095117.0
7985,2014-12-10,42.97,43.0,42.01,42.02,1374075.0,41.770343410993,1374075.0
7986,2014-12-15,41.89,42.04,41.29,41.41,1041167.0,41.16396764991,1041167.0
7987,2014-12-16,41.45,41.76,40.88,40.95,1469786.0,40.706700682536,1469786.0
7988,2014-12-17,41.18,42.45,40.835,42.36,1418395.0,42.108323343399,1418395.0
7989,2014-12-18,42.81,43.13,42.53,43.12,1156061.0,42.863807898191,1156061.0
7990,2014-12-19,43.37,44.3,43.31,43.77,2092803.0,43.509946004263,2092803.0
7991,2014-12-22,43.86,44.28,43.78,44.24,630573.0,43.977153557884996,630573.0
7992,2014-12-23,44.425,44.56,43.96,44.05,488842.0,43.78828241918701,488842.0
7993,2014-12-24,44.14,44.35,43.99,43.99,159899.0,43.72863890170299,159899.0
7994,2014-12-26,44.26,44.36,43.89,44.07,241589.0,43.808163591681,241589.0
7995,2014-12-30,43.785,44.22,43.69,44.08,466483.0,43.818104177928,466483.0
7996,2014-12-31,44.18,44.49,43.67,43.73,528576.0,43.470183659274,528576.0
7997,2015-01-02,43.95,44.12,43.61,44.09,725492.0,43.828044764176,725492.0
7998,2015-01-05,43.67,43.9,43.04,43.05,1426094.0,42.794223794461004,1426094.0
7999,2015-01-06,41.76,42.98,41.7,42.66,1223708.0,42.406540930817,1223708.0
8000,2015-01-08,43.3,44.28,43.27,44.0,1903550.0,43.73857948795,1903550.0
8001,2015-01-12,43.73,43.74,43.02,43.44,563688.0,43.181906658104,563688.0
8002,2015-01-13,43.87,44.08,42.98,43.39,537053.0,43.132203726867,537053.0
8003,2015-01-14,42.71,43.12,42.44,42.95,602070.0,42.764402035719,602070.0
8004,2015-01-15,43.0,43.12,42.27,42.8,992517.0,42.615050224185,992517.0
8005,2015-01-20,43.69,43.93,42.62,43.03,907713.0,42.844056335203,907713.0
8006,2015-01-21,42.88,43.645,42.8,43.39,748934.0,43.202500682883,748934.0
8007,2015-01-22,43.89,43.94,43.17,43.84,1101962.0,43.650556117483,1101962.0
8008,2015-01-23,43.87,44.57,43.66,44.29,868881.0,44.098611552083,868881.0
8009,2015-01-26,44.2,44.48,43.81,44.44,914815.0,44.247963363617,914815.0
8010,2015-01-28,44.16,44.87,43.89,44.49,1256186.0,44.297747300795,1256186.0
8011,2015-01-29,44.31,44.91,44.0,44.86,1373932.0,44.666148435909996,1373932.0
8012,2015-01-30,45.6,47.24,45.46,45.71,3558157.0,45.512475367933,3558157.0
8013,2015-02-02,45.73,45.92,44.41,45.59,2050207.0,45.392993918706,2050207.0
8014,2015-02-03,45.72,46.83,45.68,46.83,1370971.0,46.627635560715,1370971.0
8015,2015-02-04,46.55,46.7,45.87,45.99,970431.0,45.791265416128,970431.0
8016,2015-02-05,46.22,46.695,46.07,46.59,951599.0,46.388672662262,951599.0
8017,2015-02-09,45.81,45.97,45.34,45.48,711290.0,45.283469256915,711290.0
8018,2015-02-10,45.64,45.92,45.36,45.87,772243.0,45.671783966900996,772243.0
8019,2015-02-11,45.85,46.18,45.66,45.93,606667.0,45.731524691515,606667.0
8020,2015-02-12,45.89,46.44,45.88,46.4,305201.0,46.199493700986004,305201.0
8021,2015-02-13,46.48,46.575,46.15,46.3,509349.0,46.09992582663,509349.0
8022,2015-02-17,46.09,46.43,45.85,46.32,588981.0,46.119839401502,588981.0
8023,2015-02-18,46.33,46.61,46.01,46.37,372428.0,46.169623338678996,372428.0
8024,2015-02-19,46.12,46.36,45.91,45.93,444596.0,45.731524691515,444596.0
8025,2015-02-20,46.07,46.6,45.559,46.57,595947.0,46.36875908739,595947.0
8026,2015-02-23,46.69,46.92,46.3501,46.76,538578.0,46.557938048666,538578.0
8027,2015-02-24,46.76,47.25,46.54,47.18,539290.0,46.976123120958995,539290.0
8028,2015-02-25,47.2,47.465,46.53,46.96,698430.0,46.757073797377004,698430.0
8029,2015-02-26,47.0,47.08,46.57,47.0,328870.0,46.796900947119,328870.0
8030,2015-02-27,46.97,47.11,46.78,47.0,390953.0,46.796900947119,390953.0
8031,2015-03-02,47.11,47.37,46.84,47.15,352864.0,46.946252758653,352864.0
8032,2015-03-03,46.91,47.13,46.64,46.9,398730.0,46.697333072763996,398730.0
8033,2015-03-04,46.62,46.63,46.2,46.5,729190.0,46.299061575341995,729190.0
8034,2015-03-05,46.66,47.35,46.56,47.28,342383.0,47.075690995315,342383.0
8035,2015-03-06,47.03,47.1163,46.47,46.57,723930.0,46.36875908739,723930.0
8036,2015-03-09,46.51,46.59,46.073,46.45,608841.0,46.249277638163996,608841.0
8037,2015-03-10,45.89,46.39,45.77,46.23,707907.0,46.030228314582004,707907.0
8038,2015-03-11,46.35,46.93,46.1,46.75,487276.0,46.547981261231,487276.0
8039,2015-03-12,46.83,47.27,46.82,47.24,379715.0,47.035863845573,379715.0
8040,2015-03-13,47.18,47.4993,46.82,47.45,1333107.0,47.24495638172,1333107.0
8041,2015-03-16,47.77,48.315,47.45,48.3,856332.0,48.091283313742,856332.0
8042,2015-03-17,48.15,48.65,47.69,48.53,717636.0,48.32028942476,717636.0
8043,2015-03-18,48.47,49.3,48.13,49.29,871666.0,49.077005269862006,871666.0
8044,2015-03-19,49.0,49.9601,48.78,49.85,1124096.0,49.634585366253006,1124096.0
8045,2015-03-20,50.36,50.4,49.86,50.21,1391816.0,49.993029713933,1391816.0
8046,2015-03-23,50.09,50.56,50.06,50.49,753692.0,50.271819762129,753692.0
8047,2015-03-24,50.38,50.71,50.22,50.51,1614110.0,50.291733337,1614110.0
8048,2015-03-25,50.46,50.83,50.255,50.5,3250761.0,50.281776549565,3250761.0
8049,2015-03-26,50.22,50.55,49.97,50.51,2237286.0,50.291733337,2237286.0
8050,2015-03-27,50.56,51.175,50.44,51.09,940454.0,50.869227008261994,940454.0
8051,2015-03-30,51.33,51.6,51.17,51.47,629852.0,51.247584930814,629852.0
8052,2015-03-31,51.14,51.46,50.88,51.14,868118.0,50.91901094544001,868118.0
8053,2015-04-01,50.98,51.082,50.06,50.6,1082282.0,50.38134442392001,1082282.0
8054,2015-04-02,50.68,50.98,50.33,50.75,754605.0,50.53069623545299,754605.0
8055,2015-04-06,50.41,51.17,50.2801,50.88,1026741.0,50.66013447211601,1026741.0
8056,2015-04-07,50.99,51.28,50.46,50.55,697198.0,50.331560486742,697198.0
8057,2015-04-08,50.65,51.21,50.422,51.21,817302.0,50.988708457489004,817302.0
8058,2015-04-09,51.09,51.29,50.74,51.25,576866.0,51.028535607231,576866.0
8059,2015-04-10,51.25,51.77,51.25,51.54,566102.0,51.317282442861995,566102.0
8060,2015-04-13,51.57,51.85,51.55,51.55,518664.0,51.327239230298005,518664.0
8061,2015-04-14,51.46,51.5,51.07,51.17,758947.0,50.948881307747,758947.0
8062,2015-04-15,51.24,51.46,51.18,51.36,649142.0,51.207757781070995,649142.0
8063,2015-04-16,51.16,51.5,51.1,51.43,578245.0,51.277550285835,578245.0
8064,2015-04-17,51.04,51.04,50.61,50.99,555498.0,50.838854541604995,555498.0
8065,2015-04-20,51.39,51.72,51.092,51.51,340989.0,51.357313148423,340989.0
8066,2015-04-21,51.79,51.82,51.4,51.71,522024.0,51.556720304891,522024.0
8067,2015-04-22,51.42,51.96,51.39,51.69,727432.0,51.536779589244006,727432.0
8068,2015-04-23,51.53,51.72,51.33,51.57,365795.0,51.417135295362996,365795.0
8069,2015-04-24,51.57,51.82,51.39,51.65,1498994.0,51.49689815795,1498994.0
8070,2015-04-27,51.79,52.27,51.32,51.54,1141303.0,51.38722422189299,1141303.0
8071,2015-04-28,51.7,51.8,51.23,51.76,817116.0,51.606572094007994,817116.0
8072,2015-04-29,51.41,51.89,51.24,51.76,689317.0,51.606572094007994,689317.0
8073,2015-04-30,51.53,51.93,51.01,51.26,2042829.0,51.108054202837,2042829.0
8074,2015-05-01,51.46,53.52,51.2,52.55,2652339.0,52.394230362058,2652339.0
8075,2015-05-04,51.87,52.63,51.67,52.06,1299286.0,51.905682828711,1299286.0
8076,2015-05-05,51.68,51.7,51.08,51.21,1145409.0,51.05820241372,1145409.0
8077,2015-05-06,51.24,51.365,50.18,50.3,995305.0,50.150899851789,995305.0
8078,2015-05-07,50.35,50.64,50.09,50.45,1154456.0,50.300455219140005,1154456.0
8079,2015-05-08,51.01,51.24,50.64,50.75,915788.0,50.59956595384301,915788.0
8080,2015-05-11,50.68,51.345,50.64,51.12,826711.0,50.96846919330901,826711.0
8081,2015-05-12,51.0,51.08,50.24,51.0,837748.0,50.848824899427996,837748.0
8082,2015-05-13,51.19,51.56,51.12,51.27,602996.0,51.118024560661,602996.0
8083,2015-05-14,51.44,51.94,51.44,51.78,841604.0,51.626512809655,841604.0
8084,2015-05-15,51.8,52.23,51.8,52.16,1630832.0,52.005386406945,1630832.0
8085,2015-05-18,52.02,52.42,52.0,52.35,562818.0,52.19482320559,562818.0
8086,2015-05-19,52.35,52.92,52.28,52.81,635541.0,52.653459665467,635541.0
8087,2015-05-20,52.95,53.67,52.91,53.58,738416.0,53.421177217869996,738416.0
8088,2015-05-21,53.64,53.67,53.25,53.39,393601.0,53.231740419225,393601.0
8089,2015-05-22,53.36,53.55,53.14,53.39,529121.0,53.231740419225,529121.0
8090,2015-05-26,53.28,53.43,52.68,52.74,405618.0,52.583667160703,405618.0
8091,2015-05-27,52.87,53.51,52.66,53.46,379463.0,53.301532923989,379463.0
8092,2015-05-28,53.4,53.59,52.815,53.09,484476.0,52.932629684523,484476.0
8093,2015-05-29,53.03,53.17,52.4801,52.73,324980.0,52.57369680288,324980.0
8094,2015-06-01,52.92,52.93,52.36,52.57,429513.0,52.414171077705,429513.0
8095,2015-06-02,52.34,52.78,52.11,52.61,355986.0,52.454052508999006,355986.0
8096,2015-06-03,52.75,52.87,52.39,52.85,428327.0,52.693341096760996,428327.0
8097,2015-06-04,52.79,52.86,52.33,52.45,235355.0,52.294526783824,235355.0
8098,2015-06-05,52.29,52.43,51.942,52.38,337662.0,52.22473427906,337662.0
8099,2015-06-08,52.31,52.51,52.0,52.05,333190.0,51.89571247088701,333190.0
8100,2015-06-09,51.96,52.145,51.7,51.74,590932.0,51.586631378361,590932.0
8101,2015-06-10,51.83,52.755,51.83,52.6,472053.0,52.444082151175,472053.0
8102,2015-06-11,52.82,52.86,52.52,52.74,336319.0,52.583667160703,336319.0
8103,2015-06-12,52.48,52.68,52.02,52.06,455479.0,51.905682828711,455479.0
8104,2015-06-15,51.84,52.05,51.5,52.04,467622.0,51.88574211306401,467622.0
8105,2015-06-16,52.06,52.54,51.91,52.47,287617.0,52.314467499471,287617.0
8106,2015-06-17,52.55,53.13,52.46,53.07,489498.0,52.912688968876,489498.0
8107,2015-06-18,53.25,54.37,53.238,53.88,729520.0,53.720287952573,729520.0
8108,2015-06-19,53.83,54.21,53.76,53.9,707129.0,53.740228668219004,707129.0
8109,2015-06-22,54.09,54.1425,53.9,53.97,251437.0,53.810021172983,251437.0
8110,2015-06-23,53.91,54.16,53.54,53.76,841957.0,53.600643658692,841957.0
8111,2015-06-24,53.66,54.0,53.4,53.52,459428.0,53.361355070929,459428.0
8112,2015-06-25,53.6,54.09,53.19,54.01,647373.0,53.849902604277,647373.0
8113,2015-06-26,54.14,54.45,53.91,54.24,401643.0,54.079220834216,401643.0
8114,2015-06-29,53.91,54.13,52.75,52.83,441637.0,52.673400381114,441637.0
8115,2015-06-30,53.63,53.93,52.67,52.75,609067.0,52.593637518526,609067.0
8116,2015-07-01,53.04,53.12,52.42,52.49,1039000.0,52.334408215117996,1039000.0
8117,2015-07-02,52.66,52.84,52.08,52.24,785207.0,52.085149269532,785207.0
8118,2015-07-06,51.93,52.36,51.75,52.21,1242386.0,52.055238196062,1242386.0
8119,2015-07-07,52.49,52.49,51.525,52.18,1044048.0,52.025327122592,1044048.0
8120,2015-07-08,51.87,51.925,50.9,50.99,619971.0,50.838854541604995,619971.0
8121,2015-07-09,51.56,51.77,51.0,51.02,628367.0,50.868765615075,628367.0
8122,2015-07-10,51.59,51.71,51.29,51.53,633135.0,51.377253864069004,633135.0
8123,2015-07-14,52.14,53.35,51.87,53.0,1442471.0,52.842896464111995,1442471.0
8124,2015-07-15,53.14,53.43,52.46,52.53,535264.0,52.374289646411,535264.0
8125,2015-07-16,52.83,52.83,52.83,52.35,904077.0,52.19482320559,904077.0
8126,2015-07-17,52.3,52.73,52.21,52.28,1007102.0,52.125030700825995,1007102.0
8127,2015-07-20,52.35,52.65,52.18,52.25,1110778.0,52.095119627355004,1110778.0
8128,2015-07-21,52.24,52.355,51.64,51.89,627437.0,51.736186745712004,627437.0
8129,2015-07-22,51.85,52.12,51.4322,51.9,710629.0,51.74615710353599,710629.0
8130,2015-07-23,51.91,52.07,51.54,51.63,635399.0,51.476957442304,635399.0
8131,2015-07-24,51.45,51.67,50.85,50.89,734667.0,50.739150963371,734667.0
8132,2015-07-27,50.79,50.86,50.17,50.43,575021.0,50.280514503494,575021.0
8133,2015-07-28,50.76,50.91,50.325,50.7,1527046.0,50.549714164726,1527046.0
8134,2015-07-29,50.75,51.075,50.59,50.75,955847.0,50.59956595384301,955847.0
8135,2015-07-30,50.56,51.54,50.2,51.42,1085888.0,51.267579928012,1085888.0
8136,2015-07-31,51.7,53.22,51.31,52.92,913949.0,52.763133601524,913949.0
8137,2015-08-03,52.96,53.17,52.29,52.5,963624.0,52.344378572941,963624.0
8138,2015-08-04,52.54,53.14,52.46,52.92,730597.0,52.763133601524,730597.0
8139,2015-08-05,53.225,53.72,52.83,52.85,641229.0,52.693341096760996,641229.0
8140,2015-08-06,52.99,52.99,51.51,51.62,398516.0,51.46698708448,398516.0
8141,2015-08-07,51.56,51.56,50.615,51.2,519415.0,51.048232055896996,519415.0
8142,2015-08-10,51.49,51.87,51.29,51.59,451032.0,51.43707601101,451032.0
8143,2015-08-11,51.22,51.42,50.42,50.7,613487.0,50.549714164726,613487.0
8144,2015-08-12,50.34,50.34,49.05,50.08,1034856.0,49.931551979674,1034856.0
8145,2015-08-13,50.35,50.65,49.98,50.33,785065.0,50.180810925258996,785065.0
8146,2015-08-14,50.53,50.64,50.14,50.52,593208.0,50.370247723904,593208.0
8147,2015-08-17,50.38,50.49,50.115,50.33,866084.0,50.180810925258996,866084.0
8148,2015-08-18,50.3,50.78,50.22,50.54,444521.0,50.39018843955101,444521.0
8149,2015-08-19,50.26,50.26,49.62,49.81,525788.0,49.662352318442004,525788.0
8150,2015-08-20,49.52,49.63,49.08,49.14,841550.0,48.994338344273004,841550.0
8151,2015-08-21,48.86,48.92,47.7,47.71,1145596.0,47.568577175524,1145596.0
8152,2015-08-24,45.59,47.38,45.08,46.33,972802.0,46.192667795892,972802.0
8153,2015-08-25,47.16,47.21,45.97,46.02,1440775.0,45.883586703367,1440775.0
8154,2015-08-26,46.93,48.12,46.37,48.04,1169921.0,47.897598983697,1169921.0
8155,2015-08-27,48.25,49.52,48.23,49.44,898375.0,49.293449078975,898375.0
8156,2015-08-28,49.3,49.56,48.83,49.48,694732.0,49.333330510269,694732.0
8157,2015-08-31,49.11,49.37,48.41,48.68,1241174.0,48.535701884396,1241174.0
8158,2015-09-01,47.66,47.9,46.2275,46.42,1372587.0,46.282401016303,1372587.0
8159,2015-09-02,46.96,47.56,46.57,47.56,665973.0,47.419021808173,665973.0
8160,2015-09-03,47.62,48.42,47.58600000000001,47.95,843007.0,47.807865763285996,843007.0
8161,2015-09-04,47.25,47.7499,47.05,47.35,637159.0,47.209644293881,637159.0
8162,2015-09-08,48.24,48.25,47.585,48.23,541687.0,48.08703578234199,541687.0
8163,2015-09-09,48.52,48.6535,47.22,47.35,448130.0,47.209644293881,448130.0
8164,2015-09-10,47.09,47.73,47.04,47.45,667948.0,47.30934787211501,667948.0
8165,2015-09-11,47.29,47.99,47.08,47.94,330138.0,47.797895405463,330138.0
8166,2015-09-14,47.94,48.02,47.38,47.76,392320.0,47.618428964641,392320.0
8167,2015-09-15,47.92,48.58,47.63,48.41,440271.0,48.266502223163,440271.0
8168,2015-09-16,48.45,48.92,48.2,48.63,482396.0,48.485850095277996,482396.0
8169,2015-09-17,48.63,49.67,48.6,49.03,476804.0,48.884664408214995,476804.0
8170,2015-09-18,48.52,48.64,47.28,47.37,1189389.0,47.229585009527995,1189389.0
8171,2015-09-21,47.65,47.8,46.67,46.84,640081.0,46.701156044887,640081.0
8172,2015-09-22,46.27,46.53,45.97,46.48,811726.0,46.342223163244,811726.0
8173,2015-09-23,46.46,46.78,46.29,46.52,475278.0,46.382104594537,475278.0
8174,2015-09-24,46.1,46.13,45.56,45.93,684832.0,45.793853482956,684832.0
8175,2015-09-25,46.29,46.48,45.45,45.75,993040.0,45.614387042134,993040.0
8176,2015-09-28,45.51,45.58,44.13,44.45,1114292.0,44.31824052509,1114292.0
8177,2015-09-29,44.45,45.48,44.37,45.29,1227432.0,45.155750582257006,1227432.0
8178,2015-09-30,45.79,46.22,45.22,45.96,679505.0,45.823764556426,679505.0
8179,2015-10-01,45.91,46.09,45.06,45.43,764947.0,45.29533559178501,764947.0
8180,2015-10-02,44.78,46.44,44.71,46.43,516115.0,46.292371374126986,516115.0
8181,2015-10-05,46.73,47.09,46.35,46.8,546408.0,46.661274613592994,546408.0
8182,2015-10-06,46.55,46.88,46.27,46.74,820755.0,46.601452466653,820755.0
8183,2015-10-07,46.97,47.87,46.87,47.53,845958.0,47.389110734702996,845958.0
8184,2015-10-08,47.35,47.99,47.13,47.88,437034.0,47.73807325852199,437034.0
8185,2015-10-09,47.86,48.28,47.81,48.19,339407.0,48.047154351048,339407.0
8186,2015-10-12,48.06,48.27,47.71,48.21,383468.0,48.067095066695,383468.0
8187,2015-10-13,47.95,48.42,47.5,47.59,463202.0,47.448932881643,463202.0
8188,2015-10-14,47.62,47.83,47.04,47.16,384274.0,47.09,384274.0
8189,2015-10-15,47.15,48.26,47.12,48.25,396879.0,48.178382103478,396879.0
8190,2015-10-16,48.36,48.61,48.02,48.59,459261.0,48.51787743850701,459261.0
8191,2015-10-19,48.52,48.9,48.3,48.88,475934.0,48.807446988974,475934.0
8192,2015-10-20,48.78,49.11,48.56,48.97,558239.0,48.897313401187,558239.0
8193,2015-10-21,49.23,49.25,48.57,48.8,551468.0,48.727565733673,551468.0
8194,2015-10-22,48.98,49.44,48.71,48.99,791003.0,48.917283715013,791003.0
8195,2015-10-23,49.32,50.39,49.09,50.32,523581.0,50.245309584394,523581.0
8196,2015-10-26,50.25,50.31,49.7401,49.87,436027.0,49.79597752332501,436027.0
8197,2015-10-27,49.69,50.2,49.55,50.07,795196.0,49.995680661578,795196.0
8198,2015-10-28,50.07,51.0,49.9,50.99,340488.0,50.914315097540005,340488.0
8199,2015-10-29,51.09,51.31,50.61,51.15,585222.0,51.074077608142005,585222.0
8200,2015-10-30,51.22,51.97,51.13,51.64,726803.0,51.563350296862,726803.0
8201,2015-11-02,51.74,53.12,51.53,52.91,627473.0,52.831465224767,627473.0
8202,2015-11-03,52.74,52.95,52.37,52.93,719350.0,52.85143553859199,719350.0
8203,2015-11-04,52.86,53.34,52.73,53.21,621061.0,53.131019932145996,621061.0
8204,2015-11-05,53.29,53.496,52.35,52.43,891386.0,52.35217769296,891386.0
8205,2015-11-06,51.38,53.3,51.38,51.94,849959.0,51.862905004241,849959.0
8206,2015-11-09,51.84,51.91,51.38,51.65,825196.0,51.57333545377401,825196.0
8207,2015-11-10,51.61,52.4,51.4,52.18,659372.0,52.102548770144,659372.0
8208,2015-11-11,52.19,52.55,51.51,51.51,548085.0,51.433543256997005,548085.0
8209,2015-11-12,51.4,51.69,50.67,50.68,556446.0,50.60477523324899,556446.0
8210,2015-11-13,50.72,51.1,50.37,50.64,549444.0,50.564834605598,549444.0
8211,2015-11-16,50.59,51.17,50.31,51.01,1359547.0,50.934285411366,1359547.0
8212,2015-11-17,51.04,51.63,50.78,51.57,1524483.0,51.493454198472996,1524483.0
8213,2015-11-18,51.7,52.67,51.58,52.59,826033.0,52.51194020356201,826033.0
8214,2015-11-19,52.65,52.88,52.42,52.63,496883.0,52.551880831213,496883.0
8215,2015-11-20,52.9,53.0,52.58,52.67,1678097.0,52.591821458863,1678097.0
8216,2015-11-23,52.72,53.1,52.6,52.83,373516.0,52.751583969466,373516.0
8217,2015-11-24,52.31,52.75,52.01,52.54,535731.0,52.462014418999004,535731.0
8218,2015-11-25,52.71,53.29,52.37,53.16,391148.0,53.081094147582995,391148.0
8219,2015-11-27,53.22,53.76,53.067,53.58,212529.0,53.500470737913,212529.0
8220,2015-11-30,53.5,53.73,53.14,53.16,636943.0,53.081094147582995,636943.0
8221,2015-12-01,53.46,53.69,53.01,53.66,506957.0,53.580351993215,506957.0
8222,2015-12-02,53.52,53.66,52.49,52.56,471600.0,52.481984732824,471600.0
8223,2015-12-03,51.41,51.91,50.58,50.89,756295.0,50.814463528414,756295.0
8224,2015-12-04,51.05,52.29,51.05,52.25,606677.0,52.172444868533,606677.0
8225,2015-12-07,52.03,52.22,51.19,51.41,579388.0,51.333691687870996,579388.0
8226,2015-12-08,49.67,51.01,49.4,50.69,1102802.0,50.614760390161,1102802.0
8227,2015-12-09,50.45,51.05,49.99,50.25,658975.0,50.175413486005,658975.0
8228,2015-12-10,50.11,50.58,49.8805,50.38,604726.0,50.305220525869,604726.0
8229,2015-12-11,49.73,50.6,49.5,50.28,656588.0,50.205368956743,656588.0
8230,2015-12-14,50.32,51.05,50.27,51.01,927658.0,50.934285411366,927658.0
8231,2015-12-15,51.5,51.795,51.3,51.39,1022377.0,51.313721374046004,1022377.0
8232,2015-12-16,51.75,52.8,51.6,52.62,850429.0,52.5418956743,850429.0
8233,2015-12-17,52.65,52.815,51.93,51.94,568679.0,51.862905004241,568679.0
8234,2015-12-18,51.69,51.69,50.7,50.87,1976748.0,50.794493214589004,1976748.0
8235,2015-12-21,51.47,52.02,51.3,51.55,719038.0,51.473483884648,719038.0
8236,2015-12-22,51.81,52.85,51.54,52.63,454874.0,52.551880831213,454874.0
8237,2015-12-23,52.82,53.19,52.57,53.06,336779.0,52.98124257845601,336779.0
8238,2015-12-24,53.05,53.56,53.03,53.44,159429.0,53.360678541137,159429.0
8239,2015-12-28,53.3,53.56,52.95,53.54,259888.0,53.460530110263,259888.0
8240,2015-12-29,53.75,54.52,53.74,54.36,366111.0,54.279312977098996,366111.0
8241,2015-12-30,54.25,54.305,53.92,53.93,352938.0,53.849951229856,352938.0
8242,2015-12-31,53.78,54.26,53.56,53.57,498856.0,53.490485581000996,498856.0
8243,2016-01-04,52.79,52.81,51.72,52.43,909522.0,52.35217769296,909522.0
8244,2016-01-05,52.72,53.26,52.49,53.01,726181.0,52.931316793893004,726181.0
8245,2016-01-06,52.1,52.86,52.02,52.25,2086346.0,52.172444868533,2086346.0
8246,2016-01-07,51.0,51.41,49.85,50.06,848553.0,49.985695504665,848553.0
8247,2016-01-08,50.27,50.75,49.27,49.32,866697.0,49.24679389313,866697.0
8248,2016-01-11,49.55,49.76,47.25,47.75,1677337.0,47.67912425784601,1677337.0
8249,2016-01-12,48.17,48.68,47.75,48.55,733372.0,48.477936810857,733372.0
8250,2016-01-13,48.67,48.76,46.84,47.09,535705.0,47.09,535705.0
8251,2016-01-14,47.36,48.49,47.04,48.1,765803.0,48.1,765803.0
8252,2016-01-15,46.78,47.5,46.78,47.41,879228.0,47.41,879228.0
8253,2016-01-19,48.12,48.12,46.9201,47.77,622796.0,47.77,622796.0
8254,2016-01-20,47.0,48.68,46.57,48.16,1032855.0,48.16,1032855.0
8255,2016-01-21,48.21,48.24,47.27,47.52,638603.0,47.52,638603.0
8256,2016-01-22,48.12,49.15,47.75,49.13,717539.0,49.13,717539.0
8257,2016-01-25,48.85,49.13,48.24,48.39,462681.0,48.39,462681.0
8258,2016-01-26,48.51,48.97,47.8,48.93,613133.0,48.93,613133.0
8259,2016-01-27,48.85,49.65,48.22,48.61,872722.0,48.61,872722.0
8260,2016-01-28,48.59,48.59,46.6,46.97,1033211.0,46.97,1033211.0
8261,2016-01-29,47.17,48.34,47.06,48.32,1190939.0,48.32,1190939.0
8262,2016-02-01,48.11,48.51,47.28,48.23,1583444.0,48.23,1583444.0
8263,2016-02-02,47.68,47.93,47.18,47.53,675851.0,47.53,675851.0
8264,2016-02-03,47.71,47.71,45.75,46.8,1043671.0,46.8,1043671.0
8265,2016-02-04,46.71,47.43,46.18,46.58,1117280.0,46.58,1117280.0
8266,2016-02-05,42.46,45.2,39.5,43.26,3341069.0,43.26,3341069.0
8267,2016-02-08,42.65,42.98,41.02,41.45,1328808.0,41.45,1328808.0
8268,2016-02-09,40.91,43.19,40.41,42.47,1359209.0,42.47,1359209.0
8269,2016-02-10,42.85,44.97,42.675,43.99,1335729.0,43.99,1335729.0
8270,2016-02-11,43.18,43.68,42.81,43.41,1513909.0,43.41,1513909.0
8271,2016-02-12,44.4,44.59,43.59,44.41,1271997.0,44.41,1271997.0
8272,2016-02-16,44.98,46.09,44.81,45.67,1181745.0,45.67,1181745.0
8273,2016-02-17,45.9,46.26,45.595,45.7,1239547.0,45.7,1239547.0
8274,2016-02-18,45.69,46.57,45.49,45.68,891536.0,45.68,891536.0
8275,2016-02-19,45.57,47.04,45.43,46.97,2934682.0,46.97,2934682.0
8276,2016-02-22,47.4,47.99,47.03,47.79,1200311.0,47.79,1200311.0
8277,2016-02-23,47.54,48.14,47.0,47.2,1013520.0,47.2,1013520.0
8278,2016-02-24,46.75,47.67,46.59,47.37,892634.0,47.37,892634.0
8279,2016-02-25,47.28,47.935,47.12,47.62,915013.0,47.62,915013.0
8280,2016-02-26,47.73,48.3,47.65,47.95,1087534.0,47.95,1087534.0
8281,2016-02-29,47.84,48.195,47.26,47.26,937538.0,47.26,937538.0
8282,2016-03-01,47.31,47.97,47.27,47.96,1430914.0,47.96,1430914.0
8283,2016-03-02,47.91,49.45,47.72,49.16,1669910.0,49.16,1669910.0
8284,2016-03-03,49.2,49.25,48.43,48.94,883541.0,48.94,883541.0
8285,2016-03-04,48.96,49.24,48.71,48.82,739631.0,48.82,739631.0
8286,2016-03-07,48.49,49.41,48.37,48.87,1021246.0,48.87,1021246.0
8287,2016-03-08,48.65,48.73,47.525,47.63,772644.0,47.63,772644.0
8288,2016-03-09,47.96,48.03,47.56,47.79,913454.0,47.79,913454.0
8289,2016-03-10,48.02,48.23,47.3,47.64,702847.0,47.64,702847.0
8290,2016-03-11,48.19,48.73,47.77,48.71,738173.0,48.71,738173.0
8291,2016-03-14,48.49,48.75,48.11,48.52,403400.0,48.52,403400.0
8292,2016-03-15,48.11,48.31,47.58,47.7,615360.0,47.7,615360.0
8293,2016-03-16,47.61,47.99,47.23,47.95,750869.0,47.95,750869.0
8294,2016-03-17,48.0,48.13,47.08,47.51,669342.0,47.51,669342.0
8295,2016-03-18,47.59,49.44,47.47,48.93,1395841.0,48.93,1395841.0
8296,2016-03-21,48.74,48.98,48.44,48.45,451664.0,48.45,451664.0
8297,2016-03-22,48.1,48.97,47.99,48.68,421074.0,48.68,421074.0
8298,2016-03-23,48.79,49.065,48.6,48.65,841373.0,48.65,841373.0
8299,2016-03-24,48.49,48.71,47.99,48.42,423672.0,48.42,423672.0
